0.7 0.184688 0.184688 2 1 0
0.718468 0.168879 0.168879 1 1 0
0.736931 0.153077 0.153077 1 1 0
0.760011 0.133324 0.133324 1 1 0
0.78309 0.113571 0.113571 1 1 0
0.80617 0.0938187 0.0938187 1 1 0
0.829249 0.0740659 0.0740659 1 1 0
0.852329 0.0543132 0.0543132 1 1 0
0.875408 0.0345605 0.0345605 1 1 0
0.898488 0.0148077 0.0148077 1 1 0
0.915789 3.23367e-07 3.23367e-07 1 1 0
0.938869 -0.0197524 -0.0197524 2 1 0
0.961948 -0.0395052 -0.0395052 2 1 0
0.985028 -0.0592579 -0.0592579 2 1 0
1.00811 -0.0790106 -0.0790106 2 1 0
0.915789 3.23367e-07 3.23367e-07 2 2 0
0.914776 -5.14777e-20 -5.14777e-20 2 2 0
0.91411 -2.17618e-12 -2.17618e-12 2 2 0
0.913377 -9.24915e-18 -9.24915e-18 2 2 0
0.911911 3.47644e-22 3.47644e-22 2 2 0
0.910245 -2.8966e-31 -2.8966e-31 2 2 0
0.908579 -2.01151e-34 -2.01151e-34 2 2 0
0.906914 -2.81237e-32 -2.81237e-32 2 2 0
0.905248 -1.03679e-31 -1.03679e-31 2 2 0
0.903582 4.77274e-34 4.77274e-34 2 2 0
0.901916 1.81511e-33 1.81511e-33 2 2 0
0.900251 -3.25863e-34 -3.25863e-34 2 2 0
0.898585 -2.46684e-33 -2.46684e-33 2 2 0
0.896919 1.13125e-32 1.13125e-32 2 2 0
0.895253 -1.13185e-34 -1.13185e-34 2 2 0
0.893588 5.47382e-48 5.47382e-48 2 2 0
0.891922 1.83446e-33 1.83446e-33 2 2 0
0.890256 5.59497e-32 5.59497e-32 2 2 0
0.888591 1.09476e-46 1.09476e-46 2 2 0
0.886925 3.28429e-47 3.28429e-47 2 2 0
0.885259 1.42858e-33 1.42858e-33 2 2 0
0.883593 1.48282e-33 1.48282e-33 2 2 0
0.881928 2.11641e-34 2.11641e-34 2 2 0
0.880262 -1.05954e-33 -1.05954e-33 2 2 0
0.878596 -8.17389e-32 -8.17389e-32 2 2 0
0.87693 1.02932e-34 1.02932e-34 2 2 0
0.875265 -2.29534e-33 -2.29534e-33 2 2 0
0.873599 -4.6936e-33 -4.6936e-33 2 2 0
0.871933 -4.26118e-32 -4.26118e-32 2 2 0
0.870267 -1.09476e-47 -1.09476e-47 2 2 0
0.868602 -5.47382e-48 -5.47382e-48 2 2 0
0.866936 2.07068e-33 2.07068e-33 2 2 0
0.86527 4.14136e-33 4.14136e-33 2 2 0
0.863604 -6.84228e-48 -6.84228e-48 2 2 0
0.861939 8.60598e-34 8.60598e-34 2 2 0
0.860273 3.42114e-49 3.42114e-49 2 2 0
0.858607 1.71057e-49 1.71057e-49 2 2 0
0.856941 4.56621e-50 4.56621e-50 2 2 0
0.855276 -7.97328e-50 -7.97328e-50 2 2 0
0.85361 -8.90466e-52 -8.90466e-52 2 2 0
0.851944 -7.78426e-34 -7.78426e-34 2 2 0
0.850278 -3.42114e-49 -3.42114e-49 2 2 0
0.848613 0 0 2 2 0
0.846947 3.42114e-49 3.42114e-49 2 2 0
0.845281 7.36587e-34 7.36587e-34 2 2 0
0.843616 7.27334e-34 7.27334e-34 2 2 0
0.84195 -8.55285e-50 -8.55285e-50 2 2 0
0.840284 -7.27334e-34 -7.27334e-34 2 2 0
0.838618 -1.45467e-33 -1.45467e-33 2 2 0
0.836953 5.47382e-48 5.47382e-48 2 2 0
0.835287 4.78959e-48 4.78959e-48 2 2 0
0.833621 4.78694e-32 4.78694e-32 2 2 0
0.831955 -1.78976e-33 -1.78976e-33 2 2 0
0.83029 2.18953e-47 2.18953e-47 2 2 0
0.828624 6.84228e-49 6.84228e-49 2 2 0
0.826958 2.43087e-63 2.43087e-63 2 2 0
0.825292 -7.59645e-65 -7.59645e-65 2 2 0
0.823627 6.42388e-34 6.42388e-34 2 2 0
0.821961 -3.42114e-49 -3.42114e-49 2 2 0
0.820295 9.02638e-32 9.02638e-32 2 2 0
0.818629 -1.12304e-33 -1.12304e-33 2 2 0
0.816964 1.09476e-47 1.09476e-47 2 2 0
0.815298 1.12304e-33 1.12304e-33 2 2 0
0.813632 2.24609e-33 2.24609e-33 2 2 0
0.811966 -6.84228e-49 -6.84228e-49 2 2 0
0.810301 -6.03643e-34 -6.03643e-34 2 2 0
0.808635 0 0 2 2 0
0.806969 0 0 2 2 0
0.805303 0 0 2 2 0
0.803638 -9.00784e-67 -9.00784e-67 2 2 0
0.801972 5.84034e-34 5.84034e-34 2 2 0
0.800306 -3.42114e-49 -3.42114e-49 2 2 0
0.79864 0 0 2 2 0
0.796975 -2.86223e-51 -2.86223e-51 2 2 0
0.795309 5.70299e-34 5.70299e-34 2 2 0
0.793643 -1.71057e-49 -1.71057e-49 2 2 0
0.791978 -1.71057e-49 -1.71057e-49 2 2 0
0.790312 -2.05823e-50 -2.05823e-50 2 2 0
0.788646 1.29892e-49 1.29892e-49 2 2 0
0.78698 0 0 2 2 0
0.785315 0 0 2 2 0
0.783649 5.49596e-34 5.49596e-34 2 2 0
0.781983 -1.87198e-32 -1.87198e-32 2 2 0
0.780317 -1.77156e-32 -1.77156e-32 2 2 0
0.778652 -2.73691e-48 -2.73691e-48 2 2 0
0.776986 -2.73691e-48 -2.73691e-48 2 2 0
0.77532 2.63596e-50 2.63596e-50 2 2 0
0.773654 -5.10808e-34 -5.10808e-34 2 2 0
0.771989 1.71057e-49 1.71057e-49 2 2 0
0.770323 -8.55285e-50 -8.55285e-50 2 2 0
0.768657 5.27799e-34 5.27799e-34 2 2 0
0.766991 1.71057e-49 1.71057e-49 2 2 0
0.765326 -5.27799e-34 -5.27799e-34 2 2 0
0.76366 -1.88163e-48 -1.88163e-48 2 2 0
0.761994 -2.82244e-48 -2.82244e-48 2 2 0
0.760328 -6.07716e-64 -6.07716e-64 2 2 0
0.758663 -5.15579e-34 -5.15579e-34 2 2 0
0.756997 -1.03116e-33 -1.03116e-33 2 2 0
0.755331 -1.54674e-33 -1.54674e-33 2 2 0
0.753665 5.10033e-34 5.10033e-34 2 2 0
0.752 -3.42114e-49 -3.42114e-49 2 2 0
0.750334 8.55285e-50 8.55285e-50 2 2 0
0.748668 5.27354e-51 5.27354e-51 2 2 0
0.747002 5.0417e-34 5.0417e-34 2 2 0
0.745337 1.71057e-49 1.71057e-49 2 2 0
0.743671 0 0 2 2 0
0.742005 4.98335e-34 4.98335e-34 2 2 0
0.74034 0 0 2 2 0
0.738674 -4.98335e-34 -4.98335e-34 2 2 0
0.737008 0 0 2 2 0
0.735342 -8.55285e-50 -8.55285e-50 2 2 0
0.733677 1.59842e-50 1.59842e-50 2 2 0
0.732011 4.71124e-34 4.71124e-34 2 2 0
0.730345 -1.71057e-49 -1.71057e-49 2 2 0
0.728679 3.48052e-32 3.48052e-32 2 2 0
0.727014 -1.09476e-47 -1.09476e-47 2 2 0
0.725348 -3.91732e-33 -3.91732e-33 2 2 0
0.723682 1.35505e-32 1.35505e-32 2 2 0
0.722016 -1.09476e-47 -1.09476e-47 2 2 0
0.720351 8.21073e-48 8.21073e-48 2 2 0
0.718685 -7.75344e-33 -7.75344e-33 2 2 0
0.717019 0 0 2 2 0
0.715353 3.83945e-33 3.83945e-33 2 2 0
0.713688 -9.55319e-33 -9.55319e-33 2 2 0
0.712022 0 0 2 2 0
0.710356 1.36846e-48 1.36846e-48 2 2 0
0.70869 6.95643e-49 6.95643e-49 2 2 0
0.707025 -1.42503e-49 -1.42503e-49 2 2 0
0.705359 -9.80648e-49 -9.80648e-49 2 2 0
0.703693 -3.777e-33 -3.777e-33 2 2 0
0.702027 1.3186e-32 1.3186e-32 2 2 0
0.700362 -3.77801e-33 -3.77801e-33 2 2 0
0.698696 0 0 2 2 0
0.69703 0 0 2 2 0
0.695364 -1.24814e-48 -1.24814e-48 2 2 0
0.693699 -6.33771e-49 -6.33771e-49 2 2 0
0.692033 -2.55979e-49 -2.55979e-49 2 2 0
0.690367 -1.10055e-49 -1.10055e-49 2 2 0
0.688702 -1.89641e-49 -1.89641e-49 2 2 0
0.687036 -1.66416e-32 -1.66416e-32 2 2 0
0.68537 0 0 2 2 0
0.683704 4.97962e-32 4.97962e-32 2 2 0
0.682039 2.18953e-47 2.18953e-47 2 2 0
0.680373 0 0 2 2 0
0.678707 5.84583e-49 5.84583e-49 2 2 0
0.677041 1.16917e-48 1.16917e-48 2 2 0
0.675376 -1.8932e-48 -1.8932e-48 2 2 0
0.67371 -4.61963e-49 -4.61963e-49 2 2 0
0.672044 1.29199e-50 1.29199e-50 2 2 0
0.670378 -2.90028e-32 -2.90028e-32 2 2 0
0.668713 7.23253e-33 7.23253e-33 2 2 0
0.667047 0 0 2 2 0
0.665381 -1.36846e-48 -1.36846e-48 2 2 0
0.663715 -3.03858e-64 -3.03858e-64 2 2 0
0.66205 -1.51929e-64 -1.51929e-64 2 2 0
0.660384 0 0 2 2 0
0.658718 3.61546e-33 3.61546e-33 2 2 0
0.657052 -3.60029e-33 -3.60029e-33 2 2 0
0.655387 -1.0816e-32 -1.0816e-32 2 2 0
0.653721 4.98519e-32 4.98519e-32 2 2 0
0.652055 3.58353e-33 3.58353e-33 2 2 0
0.650389 0 0 2 2 0
0.648724 -7.14361e-33 -7.14361e-33 2 2 0
0.647058 2.73691e-48 2.73691e-48 2 2 0
0.645392 0 0 2 2 0
0.643727 3.55698e-33 3.55698e-33 2 2 0
0.642061 0 0 2 2 0
0.640395 0 0 2 2 0
0.638729 0 0 2 2 0
0.637064 0 0 2 2 0
0.635398 1.10327e-47 1.10327e-47 2 2 0
0.633732 -3.04968e-49 -3.04968e-49 2 2 0
0.632066 -1.16426e-47 -1.16426e-47 2 2 0
0.630401 6.65105e-32 6.65105e-32 2 2 0
0.628735 0 0 2 2 0
0.627069 -1.09476e-47 -1.09476e-47 2 2 0
0.625403 0 0 2 2 0
0.623738 3.48185e-32 3.48185e-32 2 2 0
0.622072 -2.18953e-47 -2.18953e-47 2 2 0
0.620406 -5.47382e-48 -5.47382e-48 2 2 0
0.61874 3.94245e-50 3.94245e-50 2 2 0
0.617075 -3.64491e-50 -3.64491e-50 2 2 0
0.615409 3.79823e-65 3.79823e-65 2 2 0
0.613743 2.37389e-65 2.37389e-65 2 2 0
0.612077 0 0 2 2 0
0.610412 4.21688e-81 4.21688e-81 2 2 0
0.608746 -1.87267e-96 -1.87267e-96 2 2 0
0.60708 0 0 2 2 0
0.605414 1.24745e-111 1.24745e-111 2 2 0
0.603749 3.08928e-32 3.08928e-32 2 2 0
0.602083 -1.09476e-47 -1.09476e-47 2 2 0
0.600417 5.47382e-48 5.47382e-48 2 2 0
0.598751 2.18953e-47 2.18953e-47 2 2 0
0.597086 -1.57738e-48 -1.57738e-48 2 2 0
0.59542 6.63888e-49 6.63888e-49 2 2 0
0.593754 0 0 2 2 0
0.592089 3.40201e-33 3.40201e-33 2 2 0
0.590423 -1.23161e-47 -1.23161e-47 2 2 0
0.588757 0 0 2 2 0
0.587091 3.39159e-33 3.39159e-33 2 2 0
0.585426 1.01907e-32 1.01907e-32 2 2 0
0.58376 2.73691e-48 2.73691e-48 2 2 0
0.582094 0 0 2 2 0
0.580428 0 0 2 2 0
0.578763 6.41635e-66 6.41635e-66 2 2 0
0.577097 8.43376e-81 8.43376e-81 2 2 0
0.575431 1.47591e-80 1.47591e-80 2 2 0
0.573765 -3.36527e-33 -3.36527e-33 2 2 0
0.5721 0 0 2 2 0
0.570434 -8.38212e-33 -8.38212e-33 2 2 0
0.568768 -2.73691e-48 -2.73691e-48 2 2 0
0.567102 -2.53114e-33 -2.53114e-33 2 2 0
0.565437 4.78959e-48 4.78959e-48 2 2 0
0.563771 -1.36846e-48 -1.36846e-48 2 2 0
0.562105 1.21543e-63 1.21543e-63 2 2 0
0.560439 0 0 2 2 0
0.558774 3.35073e-33 3.35073e-33 2 2 0
0.557108 6.70147e-33 6.70147e-33 2 2 0
0.555442 4.00649e-32 4.00649e-32 2 2 0
0.553776 1.68094e-32 1.68094e-32 2 2 0
0.552111 4.10537e-48 4.10537e-48 2 2 0
0.550445 5.47382e-48 5.47382e-48 2 2 0
0.548779 -1.49547e-32 -1.49547e-32 2 2 0
0.547113 -3.32111e-33 -3.32111e-33 2 2 0
0.545448 -6.61712e-33 -6.61712e-33 2 2 0
0.543782 -9.91312e-33 -9.91312e-33 2 2 0
0.542116 -2.73691e-48 -2.73691e-48 2 2 0
0.540451 2.73691e-48 2.73691e-48 2 2 0
0.538785 0 0 2 2 0
0.537119 -2.30233e-48 -2.30233e-48 2 2 0
0.535453 -6.86702e-50 -6.86702e-50 2 2 0
0.533788 2.16499e-48 2.16499e-48 2 2 0
0.532122 4.39866e-48 4.39866e-48 2 2 0
0.530456 6.63232e-48 6.63232e-48 2 2 0
0.52879 2.78413e-50 2.78413e-50 2 2 0
0.527125 -6.57664e-48 -6.57664e-48 2 2 0
0.525459 3.02226e-50 3.02226e-50 2 2 0
0.523793 8.77507e-51 8.77507e-51 2 2 0
0.522127 -3.28192e-33 -3.28192e-33 2 2 0
0.520462 0 0 2 2 0
0.518796 6.84228e-49 6.84228e-49 2 2 0
0.51713 1.06481e-32 1.06481e-32 2 2 0
0.515464 0 0 2 2 0
0.513799 1.54889e-32 1.54889e-32 2 2 0
0.512133 1.62765e-32 1.62765e-32 2 2 0
0.510467 5.47382e-48 5.47382e-48 2 2 0
0.508801 2.73691e-48 2.73691e-48 2 2 0
0.507136 0 0 2 2 0
0.50547 3.25725e-33 3.25725e-33 2 2 0
0.503804 0 0 2 2 0
0.502138 1.13828e-32 1.13828e-32 2 2 0
0.500473 -2.73691e-48 -2.73691e-48 2 2 0
0.498807 1.36846e-48 1.36846e-48 2 2 0
0.497141 0 0 2 2 0
0.495475 3.03858e-64 3.03858e-64 2 2 0
0.49381 -3.2423e-33 -3.2423e-33 2 2 0
0.492144 -8.21073e-48 -8.21073e-48 2 2 0
0.490478 4.47257e-36 4.47257e-36 2 2 0
0.488813 1.7373e-50 1.7373e-50 2 2 0
0.487147 -3.23829e-33 -3.23829e-33 2 2 0
0.485481 -4.10537e-48 -4.10537e-48 2 2 0
0.483815 3.23083e-32 3.23083e-32 2 2 0
0.48215 0 0 2 2 0
0.480484 0 0 2 2 0
0.478818 0 0 2 2 0
0.477152 0 0 2 2 0
0.475487 0 0 2 2 0
0.473821 3.23389e-33 3.23389e-33 2 2 0
0.472155 0 0 2 2 0
0.470489 -6.84228e-49 -6.84228e-49 2 2 0
0.468824 -1.44555e-32 -1.44555e-32 2 2 0
0.467158 -6.46922e-33 -6.46922e-33 2 2 0
0.465492 5.13171e-49 5.13171e-49 2 2 0
0.463826 0 0 2 2 0
0.462161 -5.13171e-49 -5.13171e-49 2 2 0
0.460495 3.9925e-33 3.9925e-33 2 2 0
0.458829 4.10537e-48 4.10537e-48 2 2 0
0.457163 -7.81813e-34 -7.81813e-34 2 2 0
0.455498 0 0 2 2 0
0.453832 0 0 2 2 0
0.452166 1.19433e-66 1.19433e-66 2 2 0
0.4505 0 0 2 2 0
0.448835 -2.63555e-82 -2.63555e-82 2 2 0
0.447169 0 0 2 2 0
0.445503 0 0 2 2 0
0.443838 2.00718e-114 2.00718e-114 2 2 0
0.442172 -7.21326e-130 -7.21326e-130 2 2 0
0.440506 -2.00718e-114 -2.00718e-114 2 2 0
0.43884 7.21326e-130 7.21326e-130 2 2 0
0.437175 1.03351e-32 1.03351e-32 2 2 0
0.435509 -4.72779e-33 -4.72779e-33 2 2 0
0.433843 -5.47382e-48 -5.47382e-48 2 2 0
0.432177 0 0 2 2 0
0.430512 -3.95361e-33 -3.95361e-33 2 2 0
0.428846 -7.73547e-34 -7.73547e-34 2 2 0
0.42718 -3.42114e-49 -3.42114e-49 2 2 0
0.425514 0 0 2 2 0
0.423849 3.42114e-49 3.42114e-49 2 2 0
0.422183 -3.94364e-33 -3.94364e-33 2 2 0
0.420517 -1.36846e-48 -1.36846e-48 2 2 0
0.418851 0 0 2 2 0
0.417186 -3.93782e-33 -3.93782e-33 2 2 0
0.41552 -1.36846e-48 -1.36846e-48 2 2 0
0.413854 -7.09844e-33 -7.09844e-33 2 2 0
0.412188 -1.41969e-32 -1.41969e-32 2 2 0
0.410523 -1.10285e-32 -1.10285e-32 2 2 0
0.408857 -2.73691e-48 -2.73691e-48 2 2 0
0.407191 7.10276e-33 7.10276e-33 2 2 0
0.405525 3.43251e-35 3.43251e-35 2 2 0
0.40386 4.82218e-35 4.82218e-35 2 2 0
0.402194 7.1412e-33 7.1412e-33 2 2 0
0.400528 4.0017e-33 4.0017e-33 2 2 0
0.398862 1.53951e-48 1.53951e-48 2 2 0
0.397197 0 0 2 2 0
0.395531 0 0 2 2 0
0.393865 4.97435e-81 4.97435e-81 2 2 0
0.3922 2.82402e-32 2.82402e-32 2 2 0
0.390534 2.48165e-35 2.48165e-35 2 2 0
0.388868 -5.47382e-48 -5.47382e-48 2 2 0
0.387202 4.43679e-49 4.43679e-49 2 2 0
0.385537 3.90352e-33 3.90352e-33 2 2 0
0.383871 7.62299e-34 7.62299e-34 2 2 0
0.382205 0 0 2 2 0
0.380539 8.55285e-50 8.55285e-50 2 2 0
0.378874 1.71057e-49 1.71057e-49 2 2 0
0.377208 3.13766e-33 3.13766e-33 2 2 0
0.375542 -4.64808e-33 -4.64808e-33 2 2 0
0.373876 5.51824e-33 5.51824e-33 2 2 0
0.372211 -2.73691e-48 -2.73691e-48 2 2 0
0.370545 -5.51824e-33 -5.51824e-33 2 2 0
0.368879 1.36846e-48 1.36846e-48 2 2 0
0.367213 2.38821e-33 2.38821e-33 2 2 0
0.365548 6.84228e-49 6.84228e-49 2 2 0
0.363882 7.39341e-34 7.39341e-34 2 2 0
0.362216 1.71057e-49 1.71057e-49 2 2 0
0.36055 -4.61854e-33 -4.61854e-33 2 2 0
0.358885 -6.11319e-33 -6.11319e-33 2 2 0
0.357219 3.26707e-33 3.26707e-33 2 2 0
0.355553 -1.34481e-33 -1.34481e-33 2 2 0
0.353887 0 0 2 2 0
0.352222 1.71057e-49 1.71057e-49 2 2 0
0.350556 -3.87007e-33 -3.87007e-33 2 2 0
0.34889 0 0 2 2 0
0.347224 -2.96531e-36 -2.96531e-36 2 2 0
0.345559 3.87288e-33 3.87288e-33 2 2 0
0.343893 -5.47382e-48 -5.47382e-48 2 2 0
0.342227 1.00768e-32 1.00768e-32 2 2 0
0.340562 0 0 2 2 0
0.338896 -1.36846e-48 -1.36846e-48 2 2 0
0.33723 -2.73691e-48 -2.73691e-48 2 2 0
0.335564 3.85697e-33 3.85697e-33 2 2 0
0.333899 7.51893e-34 7.51893e-34 2 2 0
0.332233 -2.35318e-33 -2.35318e-33 2 2 0
0.330567 0 0 2 2 0
0.328901 2.01036e-32 2.01036e-32 2 2 0
0.327236 0 0 2 2 0
0.32557 -2.39423e-32 -2.39423e-32 2 2 0
0.323904 0 0 2 2 0
0.322238 -3.8367e-33 -3.8367e-33 2 2 0
0.320573 0 0 2 2 0
0.318907 3.8367e-33 3.8367e-33 2 2 0
0.317241 -3.83621e-33 -3.83621e-33 2 2 0
0.315575 2.36123e-33 2.36123e-33 2 2 0
0.31391 -5.30696e-33 -5.30696e-33 2 2 0
0.312244 0 0 2 2 0
0.310578 6.84228e-49 6.84228e-49 2 2 0
0.308912 7.65944e-33 7.65944e-33 2 2 0
0.307247 0 0 2 2 0
0.305581 -7.38234e-34 -7.38234e-34 2 2 0
0.303915 6.84228e-49 6.84228e-49 2 2 0
0.302249 -3.09021e-33 -3.09021e-33 2 2 0
0.300584 7.33972e-34 7.33972e-34 2 2 0
0.298918 6.84228e-49 6.84228e-49 2 2 0
0.297252 -3.42114e-49 -3.42114e-49 2 2 0
0.295586 -1.36846e-48 -1.36846e-48 2 2 0
0.293921 -3.82566e-33 -3.82566e-33 2 2 0
0.292255 -7.48046e-34 -7.48046e-34 2 2 0
0.290589 -4.57151e-33 -4.57151e-33 2 2 0
0.288924 0 0 2 2 0
0.287258 4.57151e-33 4.57151e-33 2 2 0
0.285592 0 0 2 2 0
0.283926 0 0 2 2 0
0.282261 5.0519e-49 5.0519e-49 2 2 0
0.280595 3.07396e-33 3.07396e-33 2 2 0
0.278929 1.61017e-32 1.61017e-32 2 2 0
0.277263 5.39676e-33 5.39676e-33 2 2 0
0.275598 -1.14439e-32 -1.14439e-32 2 2 0
0.273932 0 0 2 2 0
0.272266 -7.60629e-33 -7.60629e-33 2 2 0
0.2706 2.73691e-48 2.73691e-48 2 2 0
0.268935 0 0 2 2 0
0.267269 -1.4475e-32 -1.4475e-32 2 2 0
0.265603 3.79863e-33 3.79863e-33 2 2 0
0.263937 -2.73691e-48 -2.73691e-48 2 2 0
0.262272 6.84228e-49 6.84228e-49 2 2 0
0.260606 3.80561e-33 3.80561e-33 2 2 0
0.25894 -9.9082e-33 -9.9082e-33 2 2 0
0.257274 0 0 2 2 0
0.255609 0 0 2 2 0
0.253943 0 0 2 2 0
0.252277 0 0 2 2 0
0.250611 0 0 2 2 0
0.248946 1.35909e-48 1.35909e-48 2 2 0
0.24728 1.3696e-32 1.3696e-32 2 2 0
0.245614 7.61686e-36 7.61686e-36 2 2 0
0.243948 7.63575e-36 7.63575e-36 2 2 0
0.242283 7.65463e-36 7.65463e-36 2 2 0
0.240617 -3.04526e-33 -3.04526e-33 2 2 0
0.238951 -6.84228e-49 -6.84228e-49 2 2 0
0.237286 -7.40171e-34 -7.40171e-34 2 2 0
0.23562 0 0 2 2 0
0.233954 8.55285e-50 8.55285e-50 2 2 0
0.232288 0 0 2 2 0
0.230623 0 0 2 2 0
0.228957 -3.77539e-33 -3.77539e-33 2 2 0
0.227291 1.05086e-35 1.05086e-35 2 2 0
0.225625 -5.47382e-48 -5.47382e-48 2 2 0
0.22396 -1.29629e-49 -1.29629e-49 2 2 0
0.222294 3.7763e-33 3.7763e-33 2 2 0
0.220628 -1.59321e-32 -1.59321e-32 2 2 0
0.218962 0 0 2 2 0
0.217297 2.73691e-48 2.73691e-48 2 2 0
0.215631 5.47382e-48 5.47382e-48 2 2 0
0.213965 3.76658e-33 3.76658e-33 2 2 0
0.212299 7.53317e-33 7.53317e-33 2 2 0
0.210634 2.73691e-48 2.73691e-48 2 2 0
0.208968 0 0 2 2 0
0.207302 -2.73691e-48 -2.73691e-48 2 2 0
0.205636 4.35485e-53 4.35485e-53 2 2 0
0.203971 -9.83592e-33 -9.83592e-33 2 2 0
0.202305 5.47382e-48 5.47382e-48 2 2 0
0.200639 -7.25905e-34 -7.25905e-34 2 2 0
0.198973 -1.71057e-49 -1.71057e-49 2 2 0
0.197308 7.25905e-34 7.25905e-34 2 2 0
0.195642 0 0 2 2 0
0.193976 -7.25905e-34 -7.25905e-34 2 2 0
0.192311 3.75451e-33 3.75451e-33 2 2 0
0.190645 -1.36846e-48 -1.36846e-48 2 2 0
0.188979 -4.01797e-36 -4.01797e-36 2 2 0
0.187313 -4.41006e-50 -4.41006e-50 2 2 0
0.185648 -2.28521e-49 -2.28521e-49 2 2 0
0.183982 -4.12942e-49 -4.12942e-49 2 2 0
0.182316 -5.97363e-49 -5.97363e-49 2 2 0
0.18065 -9.83992e-51 -9.83992e-51 2 2 0
0.178985 4.35333e-49 4.35333e-49 2 2 0
0.177319 3.75113e-33 3.75113e-33 2 2 0
0.175653 7.28398e-34 7.28398e-34 2 2 0
0.173987 3.74484e-33 3.74484e-33 2 2 0
0.172322 3.0072e-33 3.0072e-33 2 2 0
0.170656 1.71057e-48 1.71057e-48 2 2 0
0.16899 -3.42114e-49 -3.42114e-49 2 2 0
0.167324 -9.11575e-64 -9.11575e-64 2 2 0
0.165659 -7.59645e-65 -7.59645e-65 2 2 0
0.163993 0 0 2 2 0
0.162327 0 0 2 2 0
0.160661 3.74257e-33 3.74257e-33 2 2 0
0.158996 0 0 2 2 0
0.15733 -6.84228e-49 -6.84228e-49 2 2 0
0.155664 -1.36846e-48 -1.36846e-48 2 2 0
0.153998 -2.31718e-48 -2.31718e-48 2 2 0
0.152333 2.11397e-48 2.11397e-48 2 2 0
0.150667 6.54513e-48 6.54513e-48 2 2 0
0.149001 -3.7346e-33 -3.7346e-33 2 2 0
0.147335 1.57852e-32 1.57852e-32 2 2 0
0.14567 5.47382e-48 5.47382e-48 2 2 0
0.144004 -2.73691e-48 -2.73691e-48 2 2 0
0.142338 0 0 2 2 0
0.140673 -6.07716e-64 -6.07716e-64 2 2 0
0.139007 2.6988e-79 2.6988e-79 2 2 0
0.137341 0 0 2 2 0
0.135675 0 0 2 2 0
0.13401 0 0 2 2 0
0.132344 2.0428e-33 2.0428e-33 2 2 0
0.130678 0 0 2 2 0
0.129012 0 0 2 2 0
0.127347 -3.36573e-33 -3.36573e-33 2 2 0
0.125681 0 0 2 2 0
0.124015 0 0 2 2 0
0.122349 3.00063e-33 3.00063e-33 2 2 0
0.120684 6.84228e-49 6.84228e-49 2 2 0
0.119018 -3.00063e-33 -3.00063e-33 2 2 0
0.117352 6.84228e-49 6.84228e-49 2 2 0
0.115686 3.42114e-49 3.42114e-49 2 2 0
0.114021 3.72049e-33 3.72049e-33 2 2 0
0.112355 0 0 2 2 0
0.110689 0 0 2 2 0
0.109023 1.67918e-33 1.67918e-33 2 2 0
0.107358 1.00738e-32 1.00738e-32 2 2 0
0.105692 5.04014e-33 5.04014e-33 2 2 0
0.104026 2.67276e-51 2.67276e-51 2 2 0
0.10236 6.84228e-49 6.84228e-49 2 2 0
0.100695 -6.07716e-64 -6.07716e-64 2 2 0
0.099029 -1.51929e-64 -1.51929e-64 2 2 0
0.0973632 0 0 2 2 0
0.0956975 3.72691e-33 3.72691e-33 2 2 0
0.0940317 -5.95644e-33 -5.95644e-33 2 2 0
0.092366 1.11988e-33 1.11988e-33 2 2 0
0.0907003 -1.36846e-48 -1.36846e-48 2 2 0
0.0890345 1.71057e-49 1.71057e-49 2 2 0
0.0873688 3.71103e-33 3.71103e-33 2 2 0
0.085703 -4.65954e-33 -4.65954e-33 2 2 0
0.0840373 0 0 2 2 0
0.0823716 9.52621e-34 9.52621e-34 2 2 0
0.0807058 3.42114e-49 3.42114e-49 2 2 0
0.0790401 -9.52621e-34 -9.52621e-34 2 2 0
0.0773743 -3.42114e-49 -3.42114e-49 2 2 0
0.0757086 9.52621e-34 9.52621e-34 2 2 0
0.0740428 0 0 2 2 0
0.0723771 0 0 2 2 0
0.0707114 0 0 2 2 0
0.0690456 -1.80965e-66 -1.80965e-66 2 2 0
0.0673799 -3.6193e-66 -3.6193e-66 2 2 0
0.0657141 -1.52982e-67 -1.52982e-67 2 2 0
0.0640484 -4.82389e-68 -4.82389e-68 2 2 0
0.0623827 5.65043e-68 5.65043e-68 2 2 0
0.0607169 3.34042e-33 3.34042e-33 2 2 0
0.0590512 3.58763e-34 3.58763e-34 2 2 0
0.0573854 4.41327e-33 4.41327e-33 2 2 0
0.0557197 1.79041e-33 1.79041e-33 2 2 0
0.0540539 0 0 2 2 0
0.0523882 -3.42114e-49 -3.42114e-49 2 2 0
0.0507225 -3.69531e-33 -3.69531e-33 2 2 0
0.0490567 -4.10537e-48 -4.10537e-48 2 2 0
0.047391 4.05255e-33 4.05255e-33 2 2 0
0.0457252 -1.36846e-48 -1.36846e-48 2 2 0
0.0440595 0 0 2 2 0
0.0423938 -3.57038e-34 -3.57038e-34 2 2 0
0.040728 -7.14076e-34 -7.14076e-34 2 2 0
0.0390623 2.26191e-33 2.26191e-33 2 2 0
0.0373965 2.26323e-33 2.26323e-33 2 2 0
0.0357308 -1.42406e-33 -1.42406e-33 2 2 0
0.034065 -2.05268e-48 -2.05268e-48 2 2 0
0.0323993 -8.21122e-33 -8.21122e-33 2 2 0
0.0307336 -3.10132e-33 -3.10132e-33 2 2 0
0.0290678 0 0 2 2 0
0.0274021 0 0 2 2 0
0.0257363 0 0 2 2 0
0.0240706 3.91693e-49 3.91693e-49 2 2 0
0.0224049 7.83385e-49 7.83385e-49 2 2 0
0.0207391 2.12725e-51 2.12725e-51 2 2 0
0.0190734 5.61831e-52 5.61831e-52 2 2 0
0.0174076 7.41841e-67 7.41841e-67 2 2 0
0.0157419 -3.68141e-33 -3.68141e-33 2 2 0
0.0140761 -1.36846e-48 -1.36846e-48 2 2 0
0.0124104 6.84228e-49 6.84228e-49 2 2 0
0.0107447 6.64778e-33 6.64778e-33 2 2 0
0.00907892 2.73691e-48 2.73691e-48 2 2 0
0.00741318 -2.07542e-36 -2.07542e-36 2 2 0
0.00574744 0 0 2 2 0
0.0040817 0 0 2 2 0
0.00241596 -1.87373e-69 -1.87373e-69 2 2 0
0.000750214 3.3208e-33 3.3208e-33 2 2 0
-0.000915527 6.99739e-33 6.99739e-33 2 2 0
0.915789 3.23367e-07 3.23367e-07 2 2 0
0.916803 7.15137e-20 7.15137e-20 2 2 0
0.917469 -2.17539e-12 -2.17539e-12 1 2 0
0.918202 -9.23998e-18 -9.23998e-18 1 2 0
0.919668 -2.74953e-22 -2.74953e-22 1 2 0
0.921334 6.77927e-32 6.77927e-32 1 2 0
0.923 2.63888e-32 2.63888e-32 1 2 0
0.924665 -1.50151e-32 -1.50151e-32 1 2 0
0.926331 3.21318e-33 3.21318e-33 1 2 0
0.927997 -2.31424e-34 -2.31424e-34 1 2 0
0.929662 -3.51835e-32 -3.51835e-32 1 2 0
0.931328 -1.33117e-31 -1.33117e-31 1 2 0
0.932994 -2.86424e-33 -2.86424e-33 1 2 0
0.93466 5.76512e-34 5.76512e-34 1 2 0
0.936325 -1.1703e-32 -1.1703e-32 1 2 0
0.937991 -4.14628e-34 -4.14628e-34 1 2 0
0.939657 7.75264e-35 7.75264e-35 1 2 0
0.941323 -1.66033e-34 -1.66033e-34 1 2 0
0.942988 8.06237e-35 8.06237e-35 1 2 0
0.944654 3.2728e-34 3.2728e-34 1 2 0
0.94632 -7.26122e-33 -7.26122e-33 1 2 0
0.947986 -1.66574e-34 -1.66574e-34 1 2 0
0.949651 5.6874e-34 5.6874e-34 1 2 0
0.951317 1.69495e-32 1.69495e-32 1 2 0
0.952983 2.81037e-34 2.81037e-34 1 2 0
0.954649 -7.28721e-33 -7.28721e-33 1 2 0
0.956314 9.19888e-33 9.19888e-33 1 2 0
0.95798 -6.92194e-33 -6.92194e-33 1 2 0
0.959646 1.75417e-33 1.75417e-33 1 2 0
0.961312 -2.15296e-32 -2.15296e-32 1 2 0
0.962977 -3.6413e-33 -3.6413e-33 1 2 0
0.964643 4.78295e-33 4.78295e-33 1 2 0
0.966309 -3.21409e-33 -3.21409e-33 1 2 0
0.967975 8.07537e-35 8.07537e-35 1 2 0
0.96964 -4.75492e-33 -4.75492e-33 1 2 0
0.971306 -1.62452e-35 -1.62452e-35 1 2 0
0.972972 7.05442e-36 7.05442e-36 1 2 0
0.974638 -2.92129e-36 -2.92129e-36 1 2 0
0.976303 3.86903e-33 3.86903e-33 1 2 0
0.977969 7.16493e-33 7.16493e-33 1 2 0
0.979635 -1.73723e-33 -1.73723e-33 1 2 0
0.9813 -1.45566e-33 -1.45566e-33 1 2 0
0.982966 6.5449e-33 6.5449e-33 1 2 0
0.984632 1.29446e-32 1.29446e-32 1 2 0
0.986298 1.00346e-36 1.00346e-36 1 2 0
0.987963 -3.83615e-34 -3.83615e-34 1 2 0
0.989629 -6.5898e-34 -6.5898e-34 1 2 0
0.991295 -8.26486e-34 -8.26486e-34 1 2 0
0.992961 2.18521e-36 2.18521e-36 1 2 0
0.994626 -1.71057e-49 -1.71057e-49 1 2 0
0.996292 0 0 1 2 0
0.997958 1.89911e-65 1.89911e-65 1 2 0
0.999624 0 0 1 2 0
1 2.03035e-115 2.03035e-115 1 2 0
1.00167 -1.15412e-128 -1.15412e-128 2 2 0
1 2.03035e-115 2.03035e-115 2 3 0
1.02001 3.56278e-119 3.56278e-119 2 3 0
1 2.03035e-115 2.03035e-115 2 3 0
0.979989 1.62649e-119 1.62649e-119 2 3 0
0.959989 1.4064e-120 1.4064e-120 2 3 0
0.919989 1.10902e-127 1.10902e-127 2 3 0
0.869989 9.76334e-131 9.76334e-131 2 3 0
0.819989 -2.05013e-143 -2.05013e-143 2 3 0
0.769989 0 0 2 3 0
0.719989 0 0 2 3 0
0.669989 0 0 2 3 0
0.619989 0 0 2 3 0
0.569989 0 0 2 3 0
0.519989 0 0 2 3 0
0.469989 0 0 2 3 0
0.419989 0 0 2 3 0
0.369989 0 0 2 3 0
0.319989 0 0 2 3 0
0.269989 0 0 2 3 0
0.219989 0 0 2 3 0
0.169989 0 0 2 3 0
0.119989 0 0 2 3 0
0.0699888 0 0 2 3 0
0.0199888 0 0 2 3 0
-0.0300112 0 0 2 3 0
0.7 0.184688 0.184688 2 1 0
0.68154 0.200483 0.200483 1 1 0
0.663077 0.216286 0.216286 1 1 0
0.639997 0.236038 0.236038 1 1 0
0.616918 0.255791 0.255791 1 1 0
0.593838 0.275544 0.275544 1 1 0
0.570759 0.295297 0.295297 1 1 0
0.547679 0.315049 0.315049 1 1 0
0.5246 0.334802 0.334802 1 1 0
0.50152 0.354555 0.354555 1 1 0
0.478441 0.374308 0.374308 1 1 0
0.455361 0.39406 0.39406 1 1 0
0.432282 0.413813 0.413813 1 1 0
0.409202 0.433566 0.433566 1 1 0
0.386123 0.453319 0.453319 1 1 0
0.363043 0.473071 0.473071 1 1 0
0.339963 0.492824 0.492824 1 1 0
0.316884 0.512577 0.512577 1 1 0
0.293804 0.53233 0.53233 1 1 0
0.270725 0.552082 0.552082 1 1 0
0.247645 0.571835 0.571835 1 1 0
0.224566 0.591588 0.591588 1 1 0
0.201486 0.611341 0.611341 1 1 0
0.178407 0.631093 0.631093 1 1 0
0.155327 0.650846 0.650846 1 1 0
0.132248 0.670599 0.670599 1 1 0
0.124781 0.67699 0.67699 2 1 0
0.101701 0.696742 0.696742 2 1 0
0.0786216 0.716495 0.716495 2 1 0
0.0555421 0.736248 0.736248 2 1 0
0.0324625 0.756001 0.756001 2 1 0
0.00938303 0.775753 0.775753 2 1 0
-0.0136965 0.795506 0.795506 2 1 0
0.124781 0.67699 0.67699 4 9 0
0.124776 0.691391 0.662807 4 9 0
0.124776 0.691605 0.6626 3 9 0
0.124722 0.728616 0.628126 3 9 0
0.124609 0.767042 0.594971 3 9 0
0.124437 0.806894 0.563134 3 9 0
0.124206 0.848117 0.532553 3 9 0
0.123916 0.890858 0.503269 3 9 0
0.123567 0.93508 0.475225 3 9 0
0.12316 0.98069 0.448295 3 9 0
0.122695 1.02785 0.422634 3 9 0
0.122173 1.07649 0.398126 3 9 0
0.121594 1.12714 0.374531 3 9 0
0.120957 1.17892 0.352199 3 9 0
0.120265 1.23221 0.330926 3 9 0
0.119517 1.28636 0.310674 3 9 0
0.118715 1.34286 0.29142 3 9 0
0.117857 1.40095 0.273129 3 9 0
0.116946 1.46165 0.255795 3 9 0
0.115983 1.52288 0.239286 3 9 0
0.114966 1.58567 0.223645 3 9 0
0.113899 1.65 0.208904 3 9 0
0.11278 1.71587 0.194944 3 9 0
0.111612 1.78326 0.181757 3 9 0
0.110395 1.85264 0.169215 3 9 0
0.10913 1.92327 0.157398 3 9 0
0.107817 1.99539 0.146267 3 9 0
0.106458 2.06918 0.136038 3 9 0
0.105053 2.14431 0.126131 3 9 0
0.103605 2.22085 0.116828 3 9 0
0.102112 2.29805 0.108122 3 9 0
0.100577 2.37709 0.0999415 3 9 0
0.0990013 2.45852 0.0922854 3 9 0
0.0973848 2.54488 0.0851552 3 9 0
0.095729 2.62985 0.0785052 3 9 0
0.0940349 2.71623 0.0723008 3 9 0
0.0923036 2.80385 0.066667 3 9 0
0.0905362 2.89332 0.0611759 3 9 0
0.0887339 2.98411 0.0560739 3 9 0
0.0868975 3.07455 0.0512436 3 9 0
0.0850284 3.16914 0.0468891 3 9 0
0.0831276 3.26507 0.0428566 3 9 0
0.0811963 3.36076 0.0392898 3 9 0
0.0792354 3.45983 0.0357858 3 9 0
0.077246 3.56016 0.0325557 3 9 0
0.0752292 3.65464 0.0296878 3 9 0
0.0731861 3.7584 0.0269968 3 9 0
0.0711176 3.86416 0.0245217 3 9 0
0.0690238 3.96932 0.0221196 3 9 0
0.0669077 4.07789 0.0199942 3 9 0
0.0647692 4.18763 0.0180514 3 9 0
0.0626063 4.29076 0.01626 3 9 0
0.0604257 4.40426 0.0146574 3 9 0
0.0582255 4.51892 0.0131972 3 9 0
0.0560106 4.63071 0.0118656 3 9 0
0.053774 4.74251 0.0106586 3 9 0
0.0515204 4.85977 0.00956322 3 9 0
0.0492505 4.98523 0.00864392 3 9 0
0.046965 5.10245 0.00774303 3 9 0
0.0446647 5.22006 0.00692794 3 9 0
0.0423513 5.35036 0.00616261 3 9 0
0.0400233 5.4737 0.00549299 3 9 0
0.0376823 5.59756 0.00489174 3 9 0
0.0353313 5.72287 0.00430451 3 9 0
0.0329663 5.85212 0.00382557 3 9 0
0.03059 5.982 0.00339697 3 9 0
0.0282028 6.11243 0.00301126 3 9 0
0.025805 6.244 0.00266864 3 9 0
0.0233971 6.37591 0.00236287 3 9 0
0.0209752 6.51162 0.00210755 3 9 0
0.018548 6.6468 0.00186272 3 9 0
0.0161118 6.7822 0.00164491 3 9 0
0.0136613 6.91581 0.00144819 3 9 0
0.011208 7.05851 0.00127687 3 9 0
0.0087466 7.20169 0.00112505 3 9 0
0.00627035 7.34546 0.000993239 3 9 0
0.00379323 7.48885 0.000873902 3 9 0
0.00130876 7.63232 0.000768507 3 9 0
-0.00119685 7.77907 0.000680784 3 9 0
