0.7 3.09712 3.09712 2 1 0
0.714326 3.12935 3.12935 1 1 0
0.724699 3.15405 3.15405 1 1 0
0.741987 3.19521 3.19521 1 1 0
0.759275 3.23637 3.23637 1 1 0
0.776563 3.27753 3.27753 1 1 0
0.793851 3.31869 3.31869 1 1 0
0.811139 3.35986 3.35986 1 1 0
0.828427 3.40102 3.40102 1 1 0
0.845715 3.44218 3.44218 1 1 0
0.863003 3.48334 3.48334 1 1 0
0.880291 3.5245 3.5245 1 1 0
0.897579 3.56566 3.56566 1 1 0
0.914867 3.60683 3.60683 1 1 0
0.932155 3.64799 3.64799 1 1 0
0.949443 3.68915 3.68915 1 1 0
0.950756 3.69228 3.69228 1 1 0
0.968044 3.73344 3.73344 2 1 0
0.985332 3.7746 3.7746 2 1 0
1.00262 3.81576 3.81576 2 1 0
0.950756 3.69228 3.69228 2 2 0
0.950305 3.72712 3.72712 2 2 0
0.950038 3.74712 3.74712 2 2 0
0.949745 3.76912 3.76912 2 2 0
0.949158 3.81312 3.81312 2 2 0
0.948492 3.86311 3.86311 2 2 0
0.947825 3.91311 3.91311 2 2 0
0.947159 3.9631 3.9631 2 2 0
0.946492 4.0131 4.0131 2 2 0
0.945825 4.06309 4.06309 2 2 0
0.945159 4.11309 4.11309 2 2 0
0.944492 4.16308 4.16308 2 2 0
0.943826 4.21308 4.21308 2 2 0
0.943159 4.26308 4.26308 2 2 0
0.942492 4.31307 4.31307 2 2 0
0.941826 4.36307 4.36307 2 2 0
0.941159 4.41306 4.41306 2 2 0
0.940493 4.46306 4.46306 2 2 0
0.939826 4.51305 4.51305 2 2 0
0.939159 4.56305 4.56305 2 2 0
0.938493 4.61304 4.61304 2 2 0
0.937826 4.66304 4.66304 2 2 0
0.93716 4.71304 4.71304 2 2 0
0.936493 4.76303 4.76303 2 2 0
0.935826 4.81303 4.81303 2 2 0
0.93516 4.86302 4.86302 2 2 0
0.934493 4.91302 4.91302 2 2 0
0.933826 4.96301 4.96301 2 2 0
0.93316 5.01301 5.01301 2 2 0
0.932493 5.063 5.063 2 2 0
0.931827 5.113 5.113 2 2 0
0.93116 5.163 5.163 2 2 0
0.930493 5.21299 5.21299 2 2 0
0.929827 5.26299 5.26299 2 2 0
0.92916 5.31298 5.31298 2 2 0
0.928494 5.36298 5.36298 2 2 0
0.927827 5.41297 5.41297 2 2 0
0.92716 5.46297 5.46297 2 2 0
0.926494 5.51296 5.51296 2 2 0
0.925827 5.56296 5.56296 2 2 0
0.925161 5.61296 5.61296 2 2 0
0.924494 5.66295 5.66295 2 2 0
0.923827 5.71295 5.71295 2 2 0
0.923161 5.76294 5.76294 2 2 0
0.922494 5.81294 5.81294 2 2 0
0.921828 5.86293 5.86293 2 2 0
0.921161 5.91293 5.91293 2 2 0
0.920494 5.96292 5.96292 2 2 0
0.919828 6.01292 6.01292 2 2 0
0.919161 6.06292 6.06292 2 2 0
0.918495 6.11291 6.11291 2 2 0
0.917828 6.16291 6.16291 2 2 0
0.917161 6.2129 6.2129 2 2 0
0.916495 6.2629 6.2629 2 2 0
0.915828 6.31289 6.31289 2 2 0
0.915161 6.36289 6.36289 2 2 0
0.914495 6.41288 6.41288 2 2 0
0.913828 6.46288 6.46288 2 2 0
0.913162 6.51288 6.51288 2 2 0
0.912495 6.56287 6.56287 2 2 0
0.911828 6.61287 6.61287 2 2 0
0.911162 6.66286 6.66286 2 2 0
0.910495 6.71286 6.71286 2 2 0
0.909829 6.76285 6.76285 2 2 0
0.909162 6.81285 6.81285 2 2 0
0.908495 6.86284 6.86284 2 2 0
0.907829 6.91284 6.91284 2 2 0
0.907162 6.96284 6.96284 2 2 0
0.906496 7.01283 7.01283 2 2 0
0.905829 7.06283 7.06283 2 2 0
0.905162 7.11282 7.11282 2 2 0
0.904496 7.16282 7.16282 2 2 0
0.903829 7.21281 7.21281 2 2 0
0.903163 7.26281 7.26281 2 2 0
0.902496 7.3128 7.3128 2 2 0
0.901829 7.3628 7.3628 2 2 0
0.901163 7.4128 7.4128 2 2 0
0.900496 7.46279 7.46279 2 2 0
0.89983 7.51279 7.51279 2 2 0
0.899163 7.56278 7.56278 2 2 0
0.898496 7.61278 7.61278 2 2 0
0.89783 7.66277 7.66277 2 2 0
0.897163 7.71277 7.71277 2 2 0
0.896496 7.76276 7.76276 2 2 0
0.89583 7.81276 7.81276 2 2 0
0.895163 7.86276 7.86276 2 2 0
0.894497 7.91275 7.91275 2 2 0
0.89383 7.96275 7.96275 2 2 0
0.893163 8.01274 8.01274 2 2 0
0.892497 8.06274 8.06274 2 2 0
0.89183 8.11273 8.11273 2 2 0
0.891164 8.16273 8.16273 2 2 0
0.890497 8.21272 8.21272 2 2 0
0.88983 8.26272 8.26272 2 2 0
0.889164 8.31272 8.31272 2 2 0
0.888497 8.36271 8.36271 2 2 0
0.887831 8.41271 8.41271 2 2 0
0.887164 8.4627 8.4627 2 2 0
0.886497 8.5127 8.5127 2 2 0
0.885831 8.56269 8.56269 2 2 0
0.885164 8.61269 8.61269 2 2 0
0.884498 8.66268 8.66268 2 2 0
0.883831 8.71268 8.71268 2 2 0
0.883164 8.76268 8.76268 2 2 0
0.882498 8.81267 8.81267 2 2 0
0.881831 8.86267 8.86267 2 2 0
0.881164 8.91266 8.91266 2 2 0
0.880498 8.96266 8.96266 2 2 0
0.879831 9.01265 9.01265 2 2 0
0.879165 9.06265 9.06265 2 2 0
0.878498 9.11264 9.11264 2 2 0
0.877831 9.16264 9.16264 2 2 0
0.877165 9.21264 9.21264 2 2 0
0.876498 9.26263 9.26263 2 2 0
0.875832 9.31263 9.31263 2 2 0
0.875165 9.36262 9.36262 2 2 0
0.874498 9.41262 9.41262 2 2 0
0.873832 9.46261 9.46261 2 2 0
0.873165 9.51261 9.51261 2 2 0
0.872499 9.5626 9.5626 2 2 0
0.871832 9.6126 9.6126 2 2 0
0.871165 9.6626 9.6626 2 2 0
0.870499 9.71259 9.71259 2 2 0
0.869832 9.76259 9.76259 2 2 0
0.869166 9.81258 9.81258 2 2 0
0.868499 9.86258 9.86258 2 2 0
0.867832 9.91257 9.91257 2 2 0
0.867166 9.96257 9.96257 2 2 0
0.866499 10.0126 10.0126 2 2 0
0.865833 10.0626 10.0626 2 2 0
0.865166 10.1126 10.1126 2 2 0
0.864499 10.1626 10.1626 2 2 0
0.863833 10.2125 10.2125 2 2 0
0.863166 10.2625 10.2625 2 2 0
0.862499 10.3125 10.3125 2 2 0
0.861833 10.3625 10.3625 2 2 0
0.861166 10.4125 10.4125 2 2 0
0.8605 10.4625 10.4625 2 2 0
0.859833 10.5125 10.5125 2 2 0
0.859166 10.5625 10.5625 2 2 0
0.8585 10.6125 10.6125 2 2 0
0.857833 10.6625 10.6625 2 2 0
0.857167 10.7125 10.7125 2 2 0
0.8565 10.7625 10.7625 2 2 0
0.855833 10.8125 10.8125 2 2 0
0.855167 10.8625 10.8625 2 2 0
0.8545 10.9125 10.9125 2 2 0
0.853834 10.9625 10.9625 2 2 0
0.853167 11.0125 11.0125 2 2 0
0.8525 11.0625 11.0625 2 2 0
0.851834 11.1125 11.1125 2 2 0
0.851167 11.1625 11.1625 2 2 0
0.850501 11.2125 11.2125 2 2 0
0.849834 11.2625 11.2625 2 2 0
0.849167 11.3124 11.3124 2 2 0
0.848501 11.3624 11.3624 2 2 0
0.847834 11.4124 11.4124 2 2 0
0.847168 11.4624 11.4624 2 2 0
0.846501 11.5124 11.5124 2 2 0
0.845834 11.5624 11.5624 2 2 0
0.845168 11.6124 11.6124 2 2 0
0.844501 11.6624 11.6624 2 2 0
0.843834 11.7124 11.7124 2 2 0
0.843168 11.7624 11.7624 2 2 0
0.842501 11.8124 11.8124 2 2 0
0.841835 11.8624 11.8624 2 2 0
0.841168 11.9124 11.9124 2 2 0
0.840501 11.9624 11.9624 2 2 0
0.839835 12.0124 12.0124 2 2 0
0.839168 12.0624 12.0624 2 2 0
0.838502 12.1124 12.1124 2 2 0
0.837835 12.1624 12.1624 2 2 0
0.837168 12.2124 12.2124 2 2 0
0.836502 12.2624 12.2624 2 2 0
0.835835 12.3124 12.3124 2 2 0
0.835169 12.3624 12.3624 2 2 0
0.834502 12.4124 12.4124 2 2 0
0.833835 12.4623 12.4623 2 2 0
0.833169 12.5123 12.5123 2 2 0
0.832502 12.5623 12.5623 2 2 0
0.831836 12.6123 12.6123 2 2 0
0.831169 12.6623 12.6623 2 2 0
0.830502 12.7123 12.7123 2 2 0
0.829836 12.7623 12.7623 2 2 0
0.829169 12.8123 12.8123 2 2 0
0.828503 12.8623 12.8623 2 2 0
0.827836 12.9123 12.9123 2 2 0
0.827169 12.9623 12.9623 2 2 0
0.826503 13.0123 13.0123 2 2 0
0.825836 13.0623 13.0623 2 2 0
0.825169 13.1123 13.1123 2 2 0
0.824503 13.1623 13.1623 2 2 0
0.823836 13.2123 13.2123 2 2 0
0.82317 13.2623 13.2623 2 2 0
0.822503 13.3123 13.3123 2 2 0
0.821836 13.3623 13.3623 2 2 0
0.82117 13.4123 13.4123 2 2 0
0.820503 13.4623 13.4623 2 2 0
0.819837 13.5123 13.5123 2 2 0
0.81917 13.5622 13.5622 2 2 0
0.818503 13.6122 13.6122 2 2 0
0.817837 13.6622 13.6622 2 2 0
0.81717 13.7122 13.7122 2 2 0
0.816504 13.7622 13.7622 2 2 0
0.815837 13.8122 13.8122 2 2 0
0.81517 13.8622 13.8622 2 2 0
0.814504 13.9122 13.9122 2 2 0
0.813837 13.9622 13.9622 2 2 0
0.813171 14.0122 14.0122 2 2 0
0.812504 14.0622 14.0622 2 2 0
0.811837 14.1122 14.1122 2 2 0
0.811171 14.1622 14.1622 2 2 0
0.810504 14.2122 14.2122 2 2 0
0.809837 14.2622 14.2622 2 2 0
0.809171 14.3122 14.3122 2 2 0
0.808504 14.3622 14.3622 2 2 0
0.807838 14.4122 14.4122 2 2 0
0.807171 14.4622 14.4622 2 2 0
0.806504 14.5122 14.5122 2 2 0
0.805838 14.5622 14.5622 2 2 0
0.805171 14.6122 14.6122 2 2 0
0.804505 14.6622 14.6622 2 2 0
0.803838 14.7121 14.7121 2 2 0
0.803171 14.7621 14.7621 2 2 0
0.802505 14.8121 14.8121 2 2 0
0.801838 14.8621 14.8621 2 2 0
0.801172 14.9121 14.9121 2 2 0
0.800505 14.9621 14.9621 2 2 0
0.799838 15.0121 15.0121 2 2 0
0.799172 15.0621 15.0621 2 2 0
0.798505 15.1121 15.1121 2 2 0
0.797839 15.1621 15.1621 2 2 0
0.797172 15.2121 15.2121 2 2 0
0.796505 15.2621 15.2621 2 2 0
0.795839 15.3121 15.3121 2 2 0
0.795172 15.3621 15.3621 2 2 0
0.794506 15.4121 15.4121 2 2 0
0.793839 15.4621 15.4621 2 2 0
0.793172 15.5121 15.5121 2 2 0
0.792506 15.5621 15.5621 2 2 0
0.791839 15.6121 15.6121 2 2 0
0.791172 15.6621 15.6621 2 2 0
0.790506 15.7121 15.7121 2 2 0
0.789839 15.7621 15.7621 2 2 0
0.789173 15.8121 15.8121 2 2 0
0.788506 15.862 15.862 2 2 0
0.787839 15.912 15.912 2 2 0
0.787173 15.962 15.962 2 2 0
0.786506 16.012 16.012 2 2 0
0.78584 16.062 16.062 2 2 0
0.785173 16.112 16.112 2 2 0
0.784506 16.162 16.162 2 2 0
0.78384 16.212 16.212 2 2 0
0.783173 16.262 16.262 2 2 0
0.782507 16.312 16.312 2 2 0
0.78184 16.362 16.362 2 2 0
0.781173 16.412 16.412 2 2 0
0.780507 16.462 16.462 2 2 0
0.77984 16.512 16.512 2 2 0
0.779174 16.562 16.562 2 2 0
0.778507 16.612 16.612 2 2 0
0.77784 16.662 16.662 2 2 0
0.777174 16.712 16.712 2 2 0
0.776507 16.762 16.762 2 2 0
0.775841 16.812 16.812 2 2 0
0.775174 16.862 16.862 2 2 0
0.774507 16.912 16.912 2 2 0
0.773841 16.9619 16.9619 2 2 0
0.773174 17.0119 17.0119 2 2 0
0.772507 17.0619 17.0619 2 2 0
0.771841 17.1119 17.1119 2 2 0
0.771174 17.1619 17.1619 2 2 0
0.770508 17.2119 17.2119 2 2 0
0.769841 17.2619 17.2619 2 2 0
0.769174 17.3119 17.3119 2 2 0
0.768508 17.3619 17.3619 2 2 0
0.767841 17.4119 17.4119 2 2 0
0.767175 17.4619 17.4619 2 2 0
0.766508 17.5119 17.5119 2 2 0
0.765841 17.5619 17.5619 2 2 0
0.765175 17.6119 17.6119 2 2 0
0.764508 17.6619 17.6619 2 2 0
0.763842 17.7119 17.7119 2 2 0
0.763175 17.7619 17.7619 2 2 0
0.762508 17.8119 17.8119 2 2 0
0.761842 17.8619 17.8619 2 2 0
0.761175 17.9119 17.9119 2 2 0
0.760509 17.9619 17.9619 2 2 0
0.759842 18.0119 18.0119 2 2 0
0.759175 18.0619 18.0619 2 2 0
0.758509 18.1118 18.1118 2 2 0
0.757842 18.1618 18.1618 2 2 0
0.757176 18.2118 18.2118 2 2 0
0.756509 18.2618 18.2618 2 2 0
0.755842 18.3118 18.3118 2 2 0
0.755176 18.3618 18.3618 2 2 0
0.754509 18.4118 18.4118 2 2 0
0.753842 18.4618 18.4618 2 2 0
0.753176 18.5118 18.5118 2 2 0
0.752509 18.5618 18.5618 2 2 0
0.751843 18.6118 18.6118 2 2 0
0.751176 18.6618 18.6618 2 2 0
0.750509 18.7118 18.7118 2 2 0
0.749843 18.7618 18.7618 2 2 0
0.749176 18.8118 18.8118 2 2 0
0.74851 18.8618 18.8618 2 2 0
0.747843 18.9118 18.9118 2 2 0
0.747176 18.9618 18.9618 2 2 0
0.74651 19.0118 19.0118 2 2 0
0.745843 19.0618 19.0618 2 2 0
0.745177 19.1118 19.1118 2 2 0
0.74451 19.1618 19.1618 2 2 0
0.743843 19.2117 19.2117 2 2 0
0.743177 19.2617 19.2617 2 2 0
0.74251 19.3117 19.3117 2 2 0
0.741844 19.3617 19.3617 2 2 0
0.741177 19.4117 19.4117 2 2 0
0.74051 19.4617 19.4617 2 2 0
0.739844 19.5117 19.5117 2 2 0
0.739177 19.5617 19.5617 2 2 0
0.73851 19.6117 19.6117 2 2 0
0.737844 19.6617 19.6617 2 2 0
0.737177 19.7117 19.7117 2 2 0
0.736511 19.7617 19.7617 2 2 0
0.735844 19.8117 19.8117 2 2 0
0.735177 19.8617 19.8617 2 2 0
0.734511 19.9117 19.9117 2 2 0
0.733844 19.9617 19.9617 2 2 0
0.733178 20.0117 20.0117 2 2 0
0.732511 20.0617 20.0617 2 2 0
0.731844 20.1117 20.1117 2 2 0
0.731178 20.1617 20.1617 2 2 0
0.730511 20.2117 20.2117 2 2 0
0.729845 20.2617 20.2617 2 2 0
0.729178 20.3117 20.3117 2 2 0
0.728511 20.3616 20.3616 2 2 0
0.727845 20.4116 20.4116 2 2 0
0.727178 20.4616 20.4616 2 2 0
0.726512 20.5116 20.5116 2 2 0
0.725845 20.5616 20.5616 2 2 0
0.725178 20.6116 20.6116 2 2 0
0.724512 20.6616 20.6616 2 2 0
0.723845 20.7116 20.7116 2 2 0
0.723179 20.7616 20.7616 2 2 0
0.722512 20.8116 20.8116 2 2 0
0.721845 20.8616 20.8616 2 2 0
0.721179 20.9116 20.9116 2 2 0
0.720512 20.9616 20.9616 2 2 0
0.719845 21.0116 21.0116 2 2 0
0.719179 21.0616 21.0616 2 2 0
0.718512 21.1116 21.1116 2 2 0
0.717846 21.1616 21.1616 2 2 0
0.717179 21.2116 21.2116 2 2 0
0.716512 21.2616 21.2616 2 2 0
0.715846 21.3116 21.3116 2 2 0
0.715179 21.3616 21.3616 2 2 0
0.714513 21.4116 21.4116 2 2 0
0.713846 21.4615 21.4615 2 2 0
0.713179 21.5115 21.5115 2 2 0
0.712513 21.5615 21.5615 2 2 0
0.711846 21.6115 21.6115 2 2 0
0.71118 21.6615 21.6615 2 2 0
0.710513 21.7115 21.7115 2 2 0
0.709846 21.7615 21.7615 2 2 0
0.70918 21.8115 21.8115 2 2 0
0.708513 21.8615 21.8615 2 2 0
0.707847 21.9115 21.9115 2 2 0
0.70718 21.9615 21.9615 2 2 0
0.706513 22.0115 22.0115 2 2 0
0.705847 22.0615 22.0615 2 2 0
0.70518 22.1115 22.1115 2 2 0
0.704514 22.1615 22.1615 2 2 0
0.703847 22.2115 22.2115 2 2 0
0.70318 22.2615 22.2615 2 2 0
0.702514 22.3115 22.3115 2 2 0
0.701847 22.3615 22.3615 2 2 0
0.70118 22.4115 22.4115 2 2 0
0.700514 22.4615 22.4615 2 2 0
0.699847 22.5115 22.5115 2 2 0
0.699181 22.5615 22.5615 2 2 0
0.698514 22.6114 22.6114 2 2 0
0.697847 22.6614 22.6614 2 2 0
0.697181 22.7114 22.7114 2 2 0
0.696514 22.7614 22.7614 2 2 0
0.695848 22.8114 22.8114 2 2 0
0.695181 22.8614 22.8614 2 2 0
0.694514 22.9114 22.9114 2 2 0
0.693848 22.9614 22.9614 2 2 0
0.693181 23.0114 23.0114 2 2 0
0.692515 23.0614 23.0614 2 2 0
0.691848 23.1114 23.1114 2 2 0
0.691181 23.1614 23.1614 2 2 0
0.690515 23.2114 23.2114 2 2 0
0.689848 23.2614 23.2614 2 2 0
0.689182 23.3114 23.3114 2 2 0
0.688515 23.3614 23.3614 2 2 0
0.687848 23.4114 23.4114 2 2 0
0.687182 23.4614 23.4614 2 2 0
0.686515 23.5114 23.5114 2 2 0
0.685849 23.5614 23.5614 2 2 0
0.685182 23.6114 23.6114 2 2 0
0.684515 23.6614 23.6614 2 2 0
0.683849 23.7113 23.7113 2 2 0
0.683182 23.7613 23.7613 2 2 0
0.682515 23.8113 23.8113 2 2 0
0.681849 23.8613 23.8613 2 2 0
0.681182 23.9113 23.9113 2 2 0
0.680516 23.9613 23.9613 2 2 0
0.679849 24.0113 24.0113 2 2 0
0.679182 24.0613 24.0613 2 2 0
0.678516 24.1113 24.1113 2 2 0
0.677849 24.1613 24.1613 2 2 0
0.677183 24.2113 24.2113 2 2 0
0.676516 24.2613 24.2613 2 2 0
0.675849 24.3113 24.3113 2 2 0
0.675183 24.3613 24.3613 2 2 0
0.674516 24.4113 24.4113 2 2 0
0.67385 24.4613 24.4613 2 2 0
0.673183 24.5113 24.5113 2 2 0
0.672516 24.5613 24.5613 2 2 0
0.67185 24.6113 24.6113 2 2 0
0.671183 24.6613 24.6613 2 2 0
0.670517 24.7113 24.7113 2 2 0
0.66985 24.7613 24.7613 2 2 0
0.669183 24.8113 24.8113 2 2 0
0.668517 24.8612 24.8612 2 2 0
0.66785 24.9112 24.9112 2 2 0
0.667183 24.9612 24.9612 2 2 0
0.666517 25.0112 25.0112 2 2 0
0.66585 25.0612 25.0612 2 2 0
0.665184 25.1112 25.1112 2 2 0
0.664517 25.1612 25.1612 2 2 0
0.66385 25.2112 25.2112 2 2 0
0.663184 25.2612 25.2612 2 2 0
0.662517 25.3112 25.3112 2 2 0
0.661851 25.3612 25.3612 2 2 0
0.661184 25.4112 25.4112 2 2 0
0.660517 25.4612 25.4612 2 2 0
0.659851 25.5112 25.5112 2 2 0
0.659184 25.5612 25.5612 2 2 0
0.658518 25.6112 25.6112 2 2 0
0.657851 25.6612 25.6612 2 2 0
0.657184 25.7112 25.7112 2 2 0
0.656518 25.7612 25.7612 2 2 0
0.655851 25.8112 25.8112 2 2 0
0.655185 25.8612 25.8612 2 2 0
0.654518 25.9112 25.9112 2 2 0
0.653851 25.9611 25.9611 2 2 0
0.653185 26.0111 26.0111 2 2 0
0.652518 26.0611 26.0611 2 2 0
0.651852 26.1111 26.1111 2 2 0
0.651185 26.1611 26.1611 2 2 0
0.650518 26.2111 26.2111 2 2 0
0.649852 26.2611 26.2611 2 2 0
0.649185 26.3111 26.3111 2 2 0
0.648518 26.3611 26.3611 2 2 0
0.647852 26.4111 26.4111 2 2 0
0.647185 26.4611 26.4611 2 2 0
0.646519 26.5111 26.5111 2 2 0
0.645852 26.5611 26.5611 2 2 0
0.645185 26.6111 26.6111 2 2 0
0.644519 26.6611 26.6611 2 2 0
0.643852 26.7111 26.7111 2 2 0
0.643186 26.7611 26.7611 2 2 0
0.642519 26.8111 26.8111 2 2 0
0.641852 26.8611 26.8611 2 2 0
0.641186 26.9111 26.9111 2 2 0
0.640519 26.9611 26.9611 2 2 0
0.639853 27.0111 27.0111 2 2 0
0.639186 27.0611 27.0611 2 2 0
0.638519 27.111 27.111 2 2 0
0.637853 27.161 27.161 2 2 0
0.637186 27.211 27.211 2 2 0
0.63652 27.261 27.261 2 2 0
0.635853 27.311 27.311 2 2 0
0.635186 27.361 27.361 2 2 0
0.63452 27.411 27.411 2 2 0
0.633853 27.461 27.461 2 2 0
0.633187 27.511 27.511 2 2 0
0.63252 27.561 27.561 2 2 0
0.631853 27.611 27.611 2 2 0
0.631187 27.661 27.661 2 2 0
0.63052 27.711 27.711 2 2 0
0.629853 27.761 27.761 2 2 0
0.629187 27.811 27.811 2 2 0
0.62852 27.861 27.861 2 2 0
0.627854 27.911 27.911 2 2 0
0.627187 27.961 27.961 2 2 0
0.62652 28.011 28.011 2 2 0
0.625854 28.061 28.061 2 2 0
0.625187 28.111 28.111 2 2 0
0.624521 28.161 28.161 2 2 0
0.623854 28.2109 28.2109 2 2 0
0.623187 28.2609 28.2609 2 2 0
0.622521 28.3109 28.3109 2 2 0
0.621854 28.3609 28.3609 2 2 0
0.621188 28.4109 28.4109 2 2 0
0.620521 28.4609 28.4609 2 2 0
0.619854 28.5109 28.5109 2 2 0
0.619188 28.5609 28.5609 2 2 0
0.618521 28.6109 28.6109 2 2 0
0.617855 28.6609 28.6609 2 2 0
0.617188 28.7109 28.7109 2 2 0
0.616521 28.7609 28.7609 2 2 0
0.615855 28.8109 28.8109 2 2 0
0.615188 28.8609 28.8609 2 2 0
0.614522 28.9109 28.9109 2 2 0
0.613855 28.9609 28.9609 2 2 0
0.613188 29.0109 29.0109 2 2 0
0.612522 29.0609 29.0609 2 2 0
0.611855 29.1109 29.1109 2 2 0
0.611188 29.1609 29.1609 2 2 0
0.610522 29.2109 29.2109 2 2 0
0.609855 29.2609 29.2609 2 2 0
0.609189 29.3109 29.3109 2 2 0
0.608522 29.3608 29.3608 2 2 0
0.607855 29.4108 29.4108 2 2 0
0.607189 29.4608 29.4608 2 2 0
0.606522 29.5108 29.5108 2 2 0
0.605856 29.5608 29.5608 2 2 0
0.605189 29.6108 29.6108 2 2 0
0.604522 29.6608 29.6608 2 2 0
0.603856 29.7108 29.7108 2 2 0
0.603189 29.7608 29.7608 2 2 0
0.602523 29.8108 29.8108 2 2 0
0.601856 29.8608 29.8608 2 2 0
0.601189 29.9108 29.9108 2 2 0
0.600523 29.9608 29.9608 2 2 0
0.599856 30.0108 30.0108 2 2 0
0.59919 30.0608 30.0608 2 2 0
0.598523 30.1108 30.1108 2 2 0
0.597856 30.1608 30.1608 2 2 0
0.59719 30.2108 30.2108 2 2 0
0.596523 30.2608 30.2608 2 2 0
0.595856 30.3108 30.3108 2 2 0
0.59519 30.3608 30.3608 2 2 0
0.594523 30.4108 30.4108 2 2 0
0.593857 30.4607 30.4607 2 2 0
0.59319 30.5107 30.5107 2 2 0
0.592523 30.5607 30.5607 2 2 0
0.591857 30.6107 30.6107 2 2 0
0.59119 30.6607 30.6607 2 2 0
0.590524 30.7107 30.7107 2 2 0
0.589857 30.7607 30.7607 2 2 0
0.58919 30.8107 30.8107 2 2 0
0.588524 30.8607 30.8607 2 2 0
0.587857 30.9107 30.9107 2 2 0
0.587191 30.9607 30.9607 2 2 0
0.586524 31.0107 31.0107 2 2 0
0.585857 31.0607 31.0607 2 2 0
0.585191 31.1107 31.1107 2 2 0
0.584524 31.1607 31.1607 2 2 0
0.583858 31.2107 31.2107 2 2 0
0.583191 31.2607 31.2607 2 2 0
0.582524 31.3107 31.3107 2 2 0
0.581858 31.3607 31.3607 2 2 0
0.581191 31.4107 31.4107 2 2 0
0.580525 31.4607 31.4607 2 2 0
0.579858 31.5107 31.5107 2 2 0
0.579191 31.5607 31.5607 2 2 0
0.578525 31.6106 31.6106 2 2 0
0.577858 31.6606 31.6606 2 2 0
0.577191 31.7106 31.7106 2 2 0
0.576525 31.7606 31.7606 2 2 0
0.575858 31.8106 31.8106 2 2 0
0.575192 31.8606 31.8606 2 2 0
0.574525 31.9106 31.9106 2 2 0
0.573858 31.9606 31.9606 2 2 0
0.573192 32.0106 32.0106 2 2 0
0.572525 32.0606 32.0606 2 2 0
0.571859 32.1106 32.1106 2 2 0
0.571192 32.1606 32.1606 2 2 0
0.570525 32.2106 32.2106 2 2 0
0.569859 32.2606 32.2606 2 2 0
0.569192 32.3106 32.3106 2 2 0
0.568526 32.3606 32.3606 2 2 0
0.567859 32.4106 32.4106 2 2 0
0.567192 32.4606 32.4606 2 2 0
0.566526 32.5106 32.5106 2 2 0
0.565859 32.5606 32.5606 2 2 0
0.565193 32.6106 32.6106 2 2 0
0.564526 32.6606 32.6606 2 2 0
0.563859 32.7105 32.7105 2 2 0
0.563193 32.7605 32.7605 2 2 0
0.562526 32.8105 32.8105 2 2 0
0.56186 32.8605 32.8605 2 2 0
0.561193 32.9105 32.9105 2 2 0
0.560526 32.9605 32.9605 2 2 0
0.55986 33.0105 33.0105 2 2 0
0.559193 33.0605 33.0605 2 2 0
0.558526 33.1105 33.1105 2 2 0
0.55786 33.1605 33.1605 2 2 0
0.557193 33.2105 33.2105 2 2 0
0.556527 33.2605 33.2605 2 2 0
0.55586 33.3105 33.3105 2 2 0
0.555193 33.3605 33.3605 2 2 0
0.554527 33.4105 33.4105 2 2 0
0.55386 33.4605 33.4605 2 2 0
0.553194 33.5105 33.5105 2 2 0
0.552527 33.5605 33.5605 2 2 0
0.55186 33.6105 33.6105 2 2 0
0.551194 33.6605 33.6605 2 2 0
0.550527 33.7105 33.7105 2 2 0
0.549861 33.7605 33.7605 2 2 0
0.549194 33.8105 33.8105 2 2 0
0.548527 33.8604 33.8604 2 2 0
0.547861 33.9104 33.9104 2 2 0
0.547194 33.9604 33.9604 2 2 0
0.546528 34.0104 34.0104 2 2 0
0.545861 34.0604 34.0604 2 2 0
0.545194 34.1104 34.1104 2 2 0
0.544528 34.1604 34.1604 2 2 0
0.543861 34.2104 34.2104 2 2 0
0.543195 34.2604 34.2604 2 2 0
0.542528 34.3104 34.3104 2 2 0
0.541861 34.3604 34.3604 2 2 0
0.541195 34.4104 34.4104 2 2 0
0.540528 34.4604 34.4604 2 2 0
0.539861 34.5104 34.5104 2 2 0
0.539195 34.5604 34.5604 2 2 0
0.538528 34.6104 34.6104 2 2 0
0.537862 34.6604 34.6604 2 2 0
0.537195 34.7104 34.7104 2 2 0
0.536528 34.7604 34.7604 2 2 0
0.535862 34.8104 34.8104 2 2 0
0.535195 34.8604 34.8604 2 2 0
0.534529 34.9104 34.9104 2 2 0
0.533862 34.9603 34.9603 2 2 0
0.533195 35.0103 35.0103 2 2 0
0.532529 35.0603 35.0603 2 2 0
0.531862 35.1103 35.1103 2 2 0
0.531196 35.1603 35.1603 2 2 0
0.530529 35.2103 35.2103 2 2 0
0.529862 35.2603 35.2603 2 2 0
0.529196 35.3103 35.3103 2 2 0
0.528529 35.3603 35.3603 2 2 0
0.527863 35.4103 35.4103 2 2 0
0.527196 35.4603 35.4603 2 2 0
0.526529 35.5103 35.5103 2 2 0
0.525863 35.5603 35.5603 2 2 0
0.525196 35.6103 35.6103 2 2 0
0.524529 35.6603 35.6603 2 2 0
0.523863 35.7103 35.7103 2 2 0
0.523196 35.7603 35.7603 2 2 0
0.52253 35.8103 35.8103 2 2 0
0.521863 35.8603 35.8603 2 2 0
0.521196 35.9103 35.9103 2 2 0
0.52053 35.9603 35.9603 2 2 0
0.519863 36.0103 36.0103 2 2 0
0.519197 36.0603 36.0603 2 2 0
0.51853 36.1102 36.1102 2 2 0
0.517863 36.1602 36.1602 2 2 0
0.517197 36.2102 36.2102 2 2 0
0.51653 36.2602 36.2602 2 2 0
0.515864 36.3102 36.3102 2 2 0
0.515197 36.3602 36.3602 2 2 0
0.51453 36.4102 36.4102 2 2 0
0.513864 36.4602 36.4602 2 2 0
0.513197 36.5102 36.5102 2 2 0
0.512531 36.5602 36.5602 2 2 0
0.511864 36.6102 36.6102 2 2 0
0.511197 36.6602 36.6602 2 2 0
0.510531 36.7102 36.7102 2 2 0
0.509864 36.7602 36.7602 2 2 0
0.509198 36.8102 36.8102 2 2 0
0.508531 36.8602 36.8602 2 2 0
0.507864 36.9102 36.9102 2 2 0
0.507198 36.9602 36.9602 2 2 0
0.506531 37.0102 37.0102 2 2 0
0.505864 37.0602 37.0602 2 2 0
0.505198 37.1102 37.1102 2 2 0
0.504531 37.1602 37.1602 2 2 0
0.503865 37.2102 37.2102 2 2 0
0.503198 37.2601 37.2601 2 2 0
0.502531 37.3101 37.3101 2 2 0
0.501865 37.3601 37.3601 2 2 0
0.501198 37.4101 37.4101 2 2 0
0.500532 37.4601 37.4601 2 2 0
0.499865 37.5101 37.5101 2 2 0
0.499198 37.5601 37.5601 2 2 0
0.498532 37.6101 37.6101 2 2 0
0.497865 37.6601 37.6601 2 2 0
0.497199 37.7101 37.7101 2 2 0
0.496532 37.7601 37.7601 2 2 0
0.495865 37.8101 37.8101 2 2 0
0.495199 37.8601 37.8601 2 2 0
0.494532 37.9101 37.9101 2 2 0
0.493866 37.9601 37.9601 2 2 0
0.493199 38.0101 38.0101 2 2 0
0.492532 38.0601 38.0601 2 2 0
0.491866 38.1101 38.1101 2 2 0
0.491199 38.1601 38.1601 2 2 0
0.490533 38.2101 38.2101 2 2 0
0.489866 38.2601 38.2601 2 2 0
0.489199 38.3101 38.3101 2 2 0
0.488533 38.36 38.36 2 2 0
0.487866 38.41 38.41 2 2 0
0.487199 38.46 38.46 2 2 0
0.486533 38.51 38.51 2 2 0
0.485866 38.56 38.56 2 2 0
0.4852 38.61 38.61 2 2 0
0.484533 38.66 38.66 2 2 0
0.483866 38.71 38.71 2 2 0
0.4832 38.76 38.76 2 2 0
0.482533 38.81 38.81 2 2 0
0.481867 38.86 38.86 2 2 0
0.4812 38.91 38.91 2 2 0
0.480533 38.96 38.96 2 2 0
0.479867 39.01 39.01 2 2 0
0.4792 39.06 39.06 2 2 0
0.478534 39.11 39.11 2 2 0
0.477867 39.16 39.16 2 2 0
0.4772 39.21 39.21 2 2 0
0.476534 39.26 39.26 2 2 0
0.475867 39.31 39.31 2 2 0
0.475201 39.36 39.36 2 2 0
0.474534 39.41 39.41 2 2 0
0.473867 39.46 39.46 2 2 0
0.473201 39.5099 39.5099 2 2 0
0.472534 39.5599 39.5599 2 2 0
0.471868 39.6099 39.6099 2 2 0
0.471201 39.6599 39.6599 2 2 0
0.470534 39.7099 39.7099 2 2 0
0.469868 39.7599 39.7599 2 2 0
0.469201 39.8099 39.8099 2 2 0
0.468534 39.8599 39.8599 2 2 0
0.467868 39.9099 39.9099 2 2 0
0.467201 39.9599 39.9599 2 2 0
0.466535 40.0099 40.0099 2 2 0
0.465868 40.0599 40.0599 2 2 0
0.465201 40.1099 40.1099 2 2 0
0.464535 40.1599 40.1599 2 2 0
0.463868 40.2099 40.2099 2 2 0
0.463202 40.2599 40.2599 2 2 0
0.462535 40.3099 40.3099 2 2 0
0.461868 40.3599 40.3599 2 2 0
0.461202 40.4099 40.4099 2 2 0
0.460535 40.4599 40.4599 2 2 0
0.459869 40.5099 40.5099 2 2 0
0.459202 40.5599 40.5599 2 2 0
0.458535 40.6098 40.6098 2 2 0
0.457869 40.6598 40.6598 2 2 0
0.457202 40.7098 40.7098 2 2 0
0.456536 40.7598 40.7598 2 2 0
0.455869 40.8098 40.8098 2 2 0
0.455202 40.8598 40.8598 2 2 0
0.454536 40.9098 40.9098 2 2 0
0.453869 40.9598 40.9598 2 2 0
0.453202 41.0098 41.0098 2 2 0
0.452536 41.0598 41.0598 2 2 0
0.451869 41.1098 41.1098 2 2 0
0.451203 41.1598 41.1598 2 2 0
0.450536 41.2098 41.2098 2 2 0
0.449869 41.2598 41.2598 2 2 0
0.449203 41.3098 41.3098 2 2 0
0.448536 41.3598 41.3598 2 2 0
0.44787 41.4098 41.4098 2 2 0
0.447203 41.4598 41.4598 2 2 0
0.446536 41.5098 41.5098 2 2 0
0.44587 41.5598 41.5598 2 2 0
0.445203 41.6098 41.6098 2 2 0
0.444537 41.6598 41.6598 2 2 0
0.44387 41.7098 41.7098 2 2 0
0.443203 41.7597 41.7597 2 2 0
0.442537 41.8097 41.8097 2 2 0
0.44187 41.8597 41.8597 2 2 0
0.441204 41.9097 41.9097 2 2 0
0.440537 41.9597 41.9597 2 2 0
0.43987 42.0097 42.0097 2 2 0
0.439204 42.0597 42.0597 2 2 0
0.438537 42.1097 42.1097 2 2 0
0.437871 42.1597 42.1597 2 2 0
0.437204 42.2097 42.2097 2 2 0
0.436537 42.2597 42.2597 2 2 0
0.435871 42.3097 42.3097 2 2 0
0.435204 42.3597 42.3597 2 2 0
0.434537 42.4097 42.4097 2 2 0
0.433871 42.4597 42.4597 2 2 0
0.433204 42.5097 42.5097 2 2 0
0.432538 42.5597 42.5597 2 2 0
0.431871 42.6097 42.6097 2 2 0
0.431204 42.6597 42.6597 2 2 0
0.430538 42.7097 42.7097 2 2 0
0.429871 42.7597 42.7597 2 2 0
0.429205 42.8097 42.8097 2 2 0
0.428538 42.8596 42.8596 2 2 0
0.427871 42.9096 42.9096 2 2 0
0.427205 42.9596 42.9596 2 2 0
0.426538 43.0096 43.0096 2 2 0
0.425872 43.0596 43.0596 2 2 0
0.425205 43.1096 43.1096 2 2 0
0.424538 43.1596 43.1596 2 2 0
0.423872 43.2096 43.2096 2 2 0
0.423205 43.2596 43.2596 2 2 0
0.422539 43.3096 43.3096 2 2 0
0.421872 43.3596 43.3596 2 2 0
0.421205 43.4096 43.4096 2 2 0
0.420539 43.4596 43.4596 2 2 0
0.419872 43.5096 43.5096 2 2 0
0.419206 43.5596 43.5596 2 2 0
0.418539 43.6096 43.6096 2 2 0
0.417872 43.6596 43.6596 2 2 0
0.417206 43.7096 43.7096 2 2 0
0.416539 43.7596 43.7596 2 2 0
0.415872 43.8096 43.8096 2 2 0
0.415206 43.8596 43.8596 2 2 0
0.414539 43.9096 43.9096 2 2 0
0.413873 43.9596 43.9596 2 2 0
0.413206 44.0095 44.0095 2 2 0
0.412539 44.0595 44.0595 2 2 0
0.411873 44.1095 44.1095 2 2 0
0.411206 44.1595 44.1595 2 2 0
0.41054 44.2095 44.2095 2 2 0
0.409873 44.2595 44.2595 2 2 0
0.409206 44.3095 44.3095 2 2 0
0.40854 44.3595 44.3595 2 2 0
0.407873 44.4095 44.4095 2 2 0
0.407207 44.4595 44.4595 2 2 0
0.40654 44.5095 44.5095 2 2 0
0.405873 44.5595 44.5595 2 2 0
0.405207 44.6095 44.6095 2 2 0
0.40454 44.6595 44.6595 2 2 0
0.403874 44.7095 44.7095 2 2 0
0.403207 44.7595 44.7595 2 2 0
0.40254 44.8095 44.8095 2 2 0
0.401874 44.8595 44.8595 2 2 0
0.401207 44.9095 44.9095 2 2 0
0.400541 44.9595 44.9595 2 2 0
0.399874 45.0095 45.0095 2 2 0
0.399207 45.0595 45.0595 2 2 0
0.398541 45.1094 45.1094 2 2 0
0.397874 45.1594 45.1594 2 2 0
0.397207 45.2094 45.2094 2 2 0
0.396541 45.2594 45.2594 2 2 0
0.395874 45.3094 45.3094 2 2 0
0.395208 45.3594 45.3594 2 2 0
0.394541 45.4094 45.4094 2 2 0
0.393874 45.4594 45.4594 2 2 0
0.393208 45.5094 45.5094 2 2 0
0.392541 45.5594 45.5594 2 2 0
0.391875 45.6094 45.6094 2 2 0
0.391208 45.6594 45.6594 2 2 0
0.390541 45.7094 45.7094 2 2 0
0.389875 45.7594 45.7594 2 2 0
0.389208 45.8094 45.8094 2 2 0
0.388542 45.8594 45.8594 2 2 0
0.387875 45.9094 45.9094 2 2 0
0.387208 45.9594 45.9594 2 2 0
0.386542 46.0094 46.0094 2 2 0
0.385875 46.0594 46.0594 2 2 0
0.385209 46.1094 46.1094 2 2 0
0.384542 46.1594 46.1594 2 2 0
0.383875 46.2094 46.2094 2 2 0
0.383209 46.2593 46.2593 2 2 0
0.382542 46.3093 46.3093 2 2 0
0.381875 46.3593 46.3593 2 2 0
0.381209 46.4093 46.4093 2 2 0
0.380542 46.4593 46.4593 2 2 0
0.379876 46.5093 46.5093 2 2 0
0.379209 46.5593 46.5593 2 2 0
0.378542 46.6093 46.6093 2 2 0
0.377876 46.6593 46.6593 2 2 0
0.377209 46.7093 46.7093 2 2 0
0.376543 46.7593 46.7593 2 2 0
0.375876 46.8093 46.8093 2 2 0
0.375209 46.8593 46.8593 2 2 0
0.374543 46.9093 46.9093 2 2 0
0.373876 46.9593 46.9593 2 2 0
0.37321 47.0093 47.0093 2 2 0
0.372543 47.0593 47.0593 2 2 0
0.371876 47.1093 47.1093 2 2 0
0.37121 47.1593 47.1593 2 2 0
0.370543 47.2093 47.2093 2 2 0
0.369877 47.2593 47.2593 2 2 0
0.36921 47.3093 47.3093 2 2 0
0.368543 47.3592 47.3592 2 2 0
0.367877 47.4092 47.4092 2 2 0
0.36721 47.4592 47.4592 2 2 0
0.366544 47.5092 47.5092 2 2 0
0.365877 47.5592 47.5592 2 2 0
0.36521 47.6092 47.6092 2 2 0
0.364544 47.6592 47.6592 2 2 0
0.363877 47.7092 47.7092 2 2 0
0.36321 47.7592 47.7592 2 2 0
0.362544 47.8092 47.8092 2 2 0
0.361877 47.8592 47.8592 2 2 0
0.361211 47.9092 47.9092 2 2 0
0.360544 47.9592 47.9592 2 2 0
0.359877 48.0092 48.0092 2 2 0
0.359211 48.0592 48.0592 2 2 0
0.358544 48.1092 48.1092 2 2 0
0.357878 48.1592 48.1592 2 2 0
0.357211 48.2092 48.2092 2 2 0
0.356544 48.2592 48.2592 2 2 0
0.355878 48.3092 48.3092 2 2 0
0.355211 48.3592 48.3592 2 2 0
0.354545 48.4092 48.4092 2 2 0
0.353878 48.4592 48.4592 2 2 0
0.353211 48.5091 48.5091 2 2 0
0.352545 48.5591 48.5591 2 2 0
0.351878 48.6091 48.6091 2 2 0
0.351212 48.6591 48.6591 2 2 0
0.350545 48.7091 48.7091 2 2 0
0.349878 48.7591 48.7591 2 2 0
0.349212 48.8091 48.8091 2 2 0
0.348545 48.8591 48.8591 2 2 0
0.347879 48.9091 48.9091 2 2 0
0.347212 48.9591 48.9591 2 2 0
0.346545 49.0091 49.0091 2 2 0
0.345879 49.0591 49.0591 2 2 0
0.345212 49.1091 49.1091 2 2 0
0.344545 49.1591 49.1591 2 2 0
0.343879 49.2091 49.2091 2 2 0
0.343212 49.2591 49.2591 2 2 0
0.342546 49.3091 49.3091 2 2 0
0.341879 49.3591 49.3591 2 2 0
0.341212 49.4091 49.4091 2 2 0
0.340546 49.4591 49.4591 2 2 0
0.339879 49.5091 49.5091 2 2 0
0.339213 49.5591 49.5591 2 2 0
0.338546 49.609 49.609 2 2 0
0.337879 49.659 49.659 2 2 0
0.337213 49.709 49.709 2 2 0
0.336546 49.759 49.759 2 2 0
0.33588 49.809 49.809 2 2 0
0.335213 49.859 49.859 2 2 0
0.334546 49.909 49.909 2 2 0
0.33388 49.959 49.959 2 2 0
0.333213 50.009 50.009 2 2 0
0.332547 50.059 50.059 2 2 0
0.33188 50.109 50.109 2 2 0
0.331213 50.159 50.159 2 2 0
0.330547 50.209 50.209 2 2 0
0.32988 50.259 50.259 2 2 0
0.329214 50.309 50.309 2 2 0
0.328547 50.359 50.359 2 2 0
0.32788 50.409 50.409 2 2 0
0.327214 50.459 50.459 2 2 0
0.326547 50.509 50.509 2 2 0
0.32588 50.559 50.559 2 2 0
0.325214 50.609 50.609 2 2 0
0.324547 50.659 50.659 2 2 0
0.323881 50.709 50.709 2 2 0
0.323214 50.7589 50.7589 2 2 0
0.322547 50.8089 50.8089 2 2 0
0.321881 50.8589 50.8589 2 2 0
0.321214 50.9089 50.9089 2 2 0
0.320548 50.9589 50.9589 2 2 0
0.319881 51.0089 51.0089 2 2 0
0.319214 51.0589 51.0589 2 2 0
0.318548 51.1089 51.1089 2 2 0
0.317881 51.1589 51.1589 2 2 0
0.317215 51.2089 51.2089 2 2 0
0.316548 51.2589 51.2589 2 2 0
0.315881 51.3089 51.3089 2 2 0
0.315215 51.3589 51.3589 2 2 0
0.314548 51.4089 51.4089 2 2 0
0.313882 51.4589 51.4589 2 2 0
0.313215 51.5089 51.5089 2 2 0
0.312548 51.5589 51.5589 2 2 0
0.311882 51.6089 51.6089 2 2 0
0.311215 51.6589 51.6589 2 2 0
0.310548 51.7089 51.7089 2 2 0
0.309882 51.7589 51.7589 2 2 0
0.309215 51.8089 51.8089 2 2 0
0.308549 51.8588 51.8588 2 2 0
0.307882 51.9088 51.9088 2 2 0
0.307215 51.9588 51.9588 2 2 0
0.306549 52.0088 52.0088 2 2 0
0.305882 52.0588 52.0588 2 2 0
0.305216 52.1088 52.1088 2 2 0
0.304549 52.1588 52.1588 2 2 0
0.303882 52.2088 52.2088 2 2 0
0.303216 52.2588 52.2588 2 2 0
0.302549 52.3088 52.3088 2 2 0
0.301883 52.3588 52.3588 2 2 0
0.301216 52.4088 52.4088 2 2 0
0.300549 52.4588 52.4588 2 2 0
0.299883 52.5088 52.5088 2 2 0
0.299216 52.5588 52.5588 2 2 0
0.29855 52.6088 52.6088 2 2 0
0.297883 52.6588 52.6588 2 2 0
0.297216 52.7088 52.7088 2 2 0
0.29655 52.7588 52.7588 2 2 0
0.295883 52.8088 52.8088 2 2 0
0.295217 52.8588 52.8588 2 2 0
0.29455 52.9088 52.9088 2 2 0
0.293883 52.9588 52.9588 2 2 0
0.293217 53.0087 53.0087 2 2 0
0.29255 53.0587 53.0587 2 2 0
0.291883 53.1087 53.1087 2 2 0
0.291217 53.1587 53.1587 2 2 0
0.29055 53.2087 53.2087 2 2 0
0.289884 53.2587 53.2587 2 2 0
0.289217 53.3087 53.3087 2 2 0
0.28855 53.3587 53.3587 2 2 0
0.287884 53.4087 53.4087 2 2 0
0.287217 53.4587 53.4587 2 2 0
0.286551 53.5087 53.5087 2 2 0
0.285884 53.5587 53.5587 2 2 0
0.285217 53.6087 53.6087 2 2 0
0.284551 53.6587 53.6587 2 2 0
0.283884 53.7087 53.7087 2 2 0
0.283218 53.7587 53.7587 2 2 0
0.282551 53.8087 53.8087 2 2 0
0.281884 53.8587 53.8587 2 2 0
0.281218 53.9087 53.9087 2 2 0
0.280551 53.9587 53.9587 2 2 0
0.279885 54.0087 54.0087 2 2 0
0.279218 54.0587 54.0587 2 2 0
0.278551 54.1086 54.1086 2 2 0
0.277885 54.1586 54.1586 2 2 0
0.277218 54.2086 54.2086 2 2 0
0.276552 54.2586 54.2586 2 2 0
0.275885 54.3086 54.3086 2 2 0
0.275218 54.3586 54.3586 2 2 0
0.274552 54.4086 54.4086 2 2 0
0.273885 54.4586 54.4586 2 2 0
0.273218 54.5086 54.5086 2 2 0
0.272552 54.5586 54.5586 2 2 0
0.271885 54.6086 54.6086 2 2 0
0.271219 54.6586 54.6586 2 2 0
0.270552 54.7086 54.7086 2 2 0
0.269885 54.7586 54.7586 2 2 0
0.269219 54.8086 54.8086 2 2 0
0.268552 54.8586 54.8586 2 2 0
0.267886 54.9086 54.9086 2 2 0
0.267219 54.9586 54.9586 2 2 0
0.266552 55.0086 55.0086 2 2 0
0.265886 55.0586 55.0586 2 2 0
0.265219 55.1086 55.1086 2 2 0
0.264553 55.1586 55.1586 2 2 0
0.263886 55.2086 55.2086 2 2 0
0.263219 55.2585 55.2585 2 2 0
0.262553 55.3085 55.3085 2 2 0
0.261886 55.3585 55.3585 2 2 0
0.26122 55.4085 55.4085 2 2 0
0.260553 55.4585 55.4585 2 2 0
0.259886 55.5085 55.5085 2 2 0
0.25922 55.5585 55.5585 2 2 0
0.258553 55.6085 55.6085 2 2 0
0.257887 55.6585 55.6585 2 2 0
0.25722 55.7085 55.7085 2 2 0
0.256553 55.7585 55.7585 2 2 0
0.255887 55.8085 55.8085 2 2 0
0.25522 55.8585 55.8585 2 2 0
0.254553 55.9085 55.9085 2 2 0
0.253887 55.9585 55.9585 2 2 0
0.25322 56.0085 56.0085 2 2 0
0.252554 56.0585 56.0585 2 2 0
0.251887 56.1085 56.1085 2 2 0
0.25122 56.1585 56.1585 2 2 0
0.250554 56.2085 56.2085 2 2 0
0.249887 56.2585 56.2585 2 2 0
0.249221 56.3085 56.3085 2 2 0
0.248554 56.3585 56.3585 2 2 0
0.247887 56.4084 56.4084 2 2 0
0.247221 56.4584 56.4584 2 2 0
0.246554 56.5084 56.5084 2 2 0
0.245888 56.5584 56.5584 2 2 0
0.245221 56.6084 56.6084 2 2 0
0.244554 56.6584 56.6584 2 2 0
0.243888 56.7084 56.7084 2 2 0
0.243221 56.7584 56.7584 2 2 0
0.242555 56.8084 56.8084 2 2 0
0.241888 56.8584 56.8584 2 2 0
0.241221 56.9084 56.9084 2 2 0
0.240555 56.9584 56.9584 2 2 0
0.239888 57.0084 57.0084 2 2 0
0.239221 57.0584 57.0584 2 2 0
0.238555 57.1084 57.1084 2 2 0
0.237888 57.1584 57.1584 2 2 0
0.237222 57.2084 57.2084 2 2 0
0.236555 57.2584 57.2584 2 2 0
0.235888 57.3084 57.3084 2 2 0
0.235222 57.3584 57.3584 2 2 0
0.234555 57.4084 57.4084 2 2 0
0.233889 57.4584 57.4584 2 2 0
0.233222 57.5083 57.5083 2 2 0
0.232555 57.5583 57.5583 2 2 0
0.231889 57.6083 57.6083 2 2 0
0.231222 57.6583 57.6583 2 2 0
0.230556 57.7083 57.7083 2 2 0
0.229889 57.7583 57.7583 2 2 0
0.229222 57.8083 57.8083 2 2 0
0.228556 57.8583 57.8583 2 2 0
0.227889 57.9083 57.9083 2 2 0
0.227223 57.9583 57.9583 2 2 0
0.226556 58.0083 58.0083 2 2 0
0.225889 58.0583 58.0583 2 2 0
0.225223 58.1083 58.1083 2 2 0
0.224556 58.1583 58.1583 2 2 0
0.22389 58.2083 58.2083 2 2 0
0.223223 58.2583 58.2583 2 2 0
0.222556 58.3083 58.3083 2 2 0
0.22189 58.3583 58.3583 2 2 0
0.221223 58.4083 58.4083 2 2 0
0.220556 58.4583 58.4583 2 2 0
0.21989 58.5083 58.5083 2 2 0
0.219223 58.5583 58.5583 2 2 0
0.218557 58.6083 58.6083 2 2 0
0.21789 58.6582 58.6582 2 2 0
0.217223 58.7082 58.7082 2 2 0
0.216557 58.7582 58.7582 2 2 0
0.21589 58.8082 58.8082 2 2 0
0.215224 58.8582 58.8582 2 2 0
0.214557 58.9082 58.9082 2 2 0
0.21389 58.9582 58.9582 2 2 0
0.213224 59.0082 59.0082 2 2 0
0.212557 59.0582 59.0582 2 2 0
0.211891 59.1082 59.1082 2 2 0
0.211224 59.1582 59.1582 2 2 0
0.210557 59.2082 59.2082 2 2 0
0.209891 59.2582 59.2582 2 2 0
0.209224 59.3082 59.3082 2 2 0
0.208558 59.3582 59.3582 2 2 0
0.207891 59.4082 59.4082 2 2 0
0.207224 59.4582 59.4582 2 2 0
0.206558 59.5082 59.5082 2 2 0
0.205891 59.5582 59.5582 2 2 0
0.205225 59.6082 59.6082 2 2 0
0.204558 59.6582 59.6582 2 2 0
0.203891 59.7082 59.7082 2 2 0
0.203225 59.7581 59.7581 2 2 0
0.202558 59.8081 59.8081 2 2 0
0.201891 59.8581 59.8581 2 2 0
0.201225 59.9081 59.9081 2 2 0
0.200558 59.9581 59.9581 2 2 0
0.199892 60.0081 60.0081 2 2 0
0.199225 60.0581 60.0581 2 2 0
0.198558 60.1081 60.1081 2 2 0
0.197892 60.1581 60.1581 2 2 0
0.197225 60.2081 60.2081 2 2 0
0.196559 60.2581 60.2581 2 2 0
0.195892 60.3081 60.3081 2 2 0
0.195225 60.3581 60.3581 2 2 0
0.194559 60.4081 60.4081 2 2 0
0.193892 60.4581 60.4581 2 2 0
0.193226 60.5081 60.5081 2 2 0
0.192559 60.5581 60.5581 2 2 0
0.191892 60.6081 60.6081 2 2 0
0.191226 60.6581 60.6581 2 2 0
0.190559 60.7081 60.7081 2 2 0
0.189893 60.7581 60.7581 2 2 0
0.189226 60.8081 60.8081 2 2 0
0.188559 60.8581 60.8581 2 2 0
0.187893 60.908 60.908 2 2 0
0.187226 60.958 60.958 2 2 0
0.18656 61.008 61.008 2 2 0
0.185893 61.058 61.058 2 2 0
0.185226 61.108 61.108 2 2 0
0.18456 61.158 61.158 2 2 0
0.183893 61.208 61.208 2 2 0
0.183226 61.258 61.258 2 2 0
0.18256 61.308 61.308 2 2 0
0.181893 61.358 61.358 2 2 0
0.181227 61.408 61.408 2 2 0
0.18056 61.458 61.458 2 2 0
0.179893 61.508 61.508 2 2 0
0.179227 61.558 61.558 2 2 0
0.17856 61.608 61.608 2 2 0
0.177894 61.658 61.658 2 2 0
0.177227 61.708 61.708 2 2 0
0.17656 61.758 61.758 2 2 0
0.175894 61.808 61.808 2 2 0
0.175227 61.858 61.858 2 2 0
0.174561 61.908 61.908 2 2 0
0.173894 61.958 61.958 2 2 0
0.173227 62.0079 62.0079 2 2 0
0.172561 62.0579 62.0579 2 2 0
0.171894 62.1079 62.1079 2 2 0
0.171228 62.1579 62.1579 2 2 0
0.170561 62.2079 62.2079 2 2 0
0.169894 62.2579 62.2579 2 2 0
0.169228 62.3079 62.3079 2 2 0
0.168561 62.3579 62.3579 2 2 0
0.167894 62.4079 62.4079 2 2 0
0.167228 62.4579 62.4579 2 2 0
0.166561 62.5079 62.5079 2 2 0
0.165895 62.5579 62.5579 2 2 0
0.165228 62.6079 62.6079 2 2 0
0.164561 62.6579 62.6579 2 2 0
0.163895 62.7079 62.7079 2 2 0
0.163228 62.7579 62.7579 2 2 0
0.162562 62.8079 62.8079 2 2 0
0.161895 62.8579 62.8579 2 2 0
0.161228 62.9079 62.9079 2 2 0
0.160562 62.9579 62.9579 2 2 0
0.159895 63.0079 63.0079 2 2 0
0.159229 63.0579 63.0579 2 2 0
0.158562 63.1079 63.1079 2 2 0
0.157895 63.1578 63.1578 2 2 0
0.157229 63.2078 63.2078 2 2 0
0.156562 63.2578 63.2578 2 2 0
0.155896 63.3078 63.3078 2 2 0
0.155229 63.3578 63.3578 2 2 0
0.154562 63.4078 63.4078 2 2 0
0.153896 63.4578 63.4578 2 2 0
0.153229 63.5078 63.5078 2 2 0
0.152563 63.5578 63.5578 2 2 0
0.151896 63.6078 63.6078 2 2 0
0.151229 63.6578 63.6578 2 2 0
0.150563 63.7078 63.7078 2 2 0
0.149896 63.7578 63.7578 2 2 0
0.149229 63.8078 63.8078 2 2 0
0.148563 63.8578 63.8578 2 2 0
0.147896 63.9078 63.9078 2 2 0
0.14723 63.9578 63.9578 2 2 0
0.146563 64.0078 64.0078 2 2 0
0.145896 64.0578 64.0578 2 2 0
0.14523 64.1078 64.1078 2 2 0
0.144563 64.1578 64.1578 2 2 0
0.143897 64.2078 64.2078 2 2 0
0.14323 64.2577 64.2577 2 2 0
0.142563 64.3077 64.3077 2 2 0
0.141897 64.3577 64.3577 2 2 0
0.14123 64.4077 64.4077 2 2 0
0.140564 64.4577 64.4577 2 2 0
0.139897 64.5077 64.5077 2 2 0
0.13923 64.5577 64.5577 2 2 0
0.138564 64.6077 64.6077 2 2 0
0.137897 64.6577 64.6577 2 2 0
0.137231 64.7077 64.7077 2 2 0
0.136564 64.7577 64.7577 2 2 0
0.135897 64.8077 64.8077 2 2 0
0.135231 64.8577 64.8577 2 2 0
0.134564 64.9077 64.9077 2 2 0
0.133898 64.9577 64.9577 2 2 0
0.133231 65.0077 65.0077 2 2 0
0.132564 65.0577 65.0577 2 2 0
0.131898 65.1077 65.1077 2 2 0
0.131231 65.1577 65.1577 2 2 0
0.130564 65.2077 65.2077 2 2 0
0.129898 65.2577 65.2577 2 2 0
0.129231 65.3077 65.3077 2 2 0
0.128565 65.3577 65.3577 2 2 0
0.127898 65.4076 65.4076 2 2 0
0.127231 65.4576 65.4576 2 2 0
0.126565 65.5076 65.5076 2 2 0
0.125898 65.5576 65.5576 2 2 0
0.125232 65.6076 65.6076 2 2 0
0.124565 65.6576 65.6576 2 2 0
0.123898 65.7076 65.7076 2 2 0
0.123232 65.7576 65.7576 2 2 0
0.122565 65.8076 65.8076 2 2 0
0.121899 65.8576 65.8576 2 2 0
0.121232 65.9076 65.9076 2 2 0
0.120565 65.9576 65.9576 2 2 0
0.119899 66.0076 66.0076 2 2 0
0.119232 66.0576 66.0576 2 2 0
0.118566 66.1076 66.1076 2 2 0
0.117899 66.1576 66.1576 2 2 0
0.117232 66.2076 66.2076 2 2 0
0.116566 66.2576 66.2576 2 2 0
0.115899 66.3076 66.3076 2 2 0
0.115233 66.3576 66.3576 2 2 0
0.114566 66.4076 66.4076 2 2 0
0.113899 66.4576 66.4576 2 2 0
0.113233 66.5075 66.5075 2 2 0
0.112566 66.5575 66.5575 2 2 0
0.111899 66.6075 66.6075 2 2 0
0.111233 66.6575 66.6575 2 2 0
0.110566 66.7075 66.7075 2 2 0
0.1099 66.7575 66.7575 2 2 0
0.109233 66.8075 66.8075 2 2 0
0.108566 66.8575 66.8575 2 2 0
0.1079 66.9075 66.9075 2 2 0
0.107233 66.9575 66.9575 2 2 0
0.106567 67.0075 67.0075 2 2 0
0.1059 67.0575 67.0575 2 2 0
0.105233 67.1075 67.1075 2 2 0
0.104567 67.1575 67.1575 2 2 0
0.1039 67.2075 67.2075 2 2 0
0.103234 67.2575 67.2575 2 2 0
0.102567 67.3075 67.3075 2 2 0
0.1019 67.3575 67.3575 2 2 0
0.101234 67.4075 67.4075 2 2 0
0.100567 67.4575 67.4575 2 2 0
0.0999005 67.5075 67.5075 2 2 0
0.0992339 67.5575 67.5575 2 2 0
0.0985673 67.6075 67.6075 2 2 0
0.0979007 67.6574 67.6574 2 2 0
0.0972341 67.7074 67.7074 2 2 0
0.0965675 67.7574 67.7574 2 2 0
0.0959009 67.8074 67.8074 2 2 0
0.0952343 67.8574 67.8574 2 2 0
0.0945677 67.9074 67.9074 2 2 0
0.0939011 67.9574 67.9574 2 2 0
0.0932345 68.0074 68.0074 2 2 0
0.0925678 68.0574 68.0574 2 2 0
0.0919012 68.1074 68.1074 2 2 0
0.0912346 68.1574 68.1574 2 2 0
0.090568 68.2074 68.2074 2 2 0
0.0899014 68.2574 68.2574 2 2 0
0.0892348 68.3074 68.3074 2 2 0
0.0885682 68.3574 68.3574 2 2 0
0.0879016 68.4074 68.4074 2 2 0
0.087235 68.4574 68.4574 2 2 0
0.0865684 68.5074 68.5074 2 2 0
0.0859018 68.5574 68.5574 2 2 0
0.0852352 68.6074 68.6074 2 2 0
0.0845686 68.6574 68.6574 2 2 0
0.083902 68.7074 68.7074 2 2 0
0.0832353 68.7573 68.7573 2 2 0
0.0825687 68.8073 68.8073 2 2 0
0.0819021 68.8573 68.8573 2 2 0
0.0812355 68.9073 68.9073 2 2 0
0.0805689 68.9573 68.9573 2 2 0
0.0799023 69.0073 69.0073 2 2 0
0.0792357 69.0573 69.0573 2 2 0
0.0785691 69.1073 69.1073 2 2 0
0.0779025 69.1573 69.1573 2 2 0
0.0772359 69.2073 69.2073 2 2 0
0.0765693 69.2573 69.2573 2 2 0
0.0759027 69.3073 69.3073 2 2 0
0.0752361 69.3573 69.3573 2 2 0
0.0745694 69.4073 69.4073 2 2 0
0.0739028 69.4573 69.4573 2 2 0
0.0732362 69.5073 69.5073 2 2 0
0.0725696 69.5573 69.5573 2 2 0
0.071903 69.6073 69.6073 2 2 0
0.0712364 69.6573 69.6573 2 2 0
0.0705698 69.7073 69.7073 2 2 0
0.0699032 69.7573 69.7573 2 2 0
0.0692366 69.8073 69.8073 2 2 0
0.06857 69.8573 69.8573 2 2 0
0.0679034 69.9072 69.9072 2 2 0
0.0672368 69.9572 69.9572 2 2 0
0.0665702 70.0072 70.0072 2 2 0
0.0659035 70.0572 70.0572 2 2 0
0.0652369 70.1072 70.1072 2 2 0
0.0645703 70.1572 70.1572 2 2 0
0.0639037 70.2072 70.2072 2 2 0
0.0632371 70.2572 70.2572 2 2 0
0.0625705 70.3072 70.3072 2 2 0
0.0619039 70.3572 70.3572 2 2 0
0.0612373 70.4072 70.4072 2 2 0
0.0605707 70.4572 70.4572 2 2 0
0.0599041 70.5072 70.5072 2 2 0
0.0592375 70.5572 70.5572 2 2 0
0.0585709 70.6072 70.6072 2 2 0
0.0579043 70.6572 70.6572 2 2 0
0.0572377 70.7072 70.7072 2 2 0
0.056571 70.7572 70.7572 2 2 0
0.0559044 70.8072 70.8072 2 2 0
0.0552378 70.8572 70.8572 2 2 0
0.0545712 70.9072 70.9072 2 2 0
0.0539046 70.9572 70.9572 2 2 0
0.053238 71.0071 71.0071 2 2 0
0.0525714 71.0571 71.0571 2 2 0
0.0519048 71.1071 71.1071 2 2 0
0.0512382 71.1571 71.1571 2 2 0
0.0505716 71.2071 71.2071 2 2 0
0.049905 71.2571 71.2571 2 2 0
0.0492384 71.3071 71.3071 2 2 0
0.0485718 71.3571 71.3571 2 2 0
0.0479051 71.4071 71.4071 2 2 0
0.0472385 71.4571 71.4571 2 2 0
0.0465719 71.5071 71.5071 2 2 0
0.0459053 71.5571 71.5571 2 2 0
0.0452387 71.6071 71.6071 2 2 0
0.0445721 71.6571 71.6571 2 2 0
0.0439055 71.7071 71.7071 2 2 0
0.0432389 71.7571 71.7571 2 2 0
0.0425723 71.8071 71.8071 2 2 0
0.0419057 71.8571 71.8571 2 2 0
0.0412391 71.9071 71.9071 2 2 0
0.0405725 71.9571 71.9571 2 2 0
0.0399059 72.0071 72.0071 2 2 0
0.0392392 72.0571 72.0571 2 2 0
0.0385726 72.1071 72.1071 2 2 0
0.037906 72.157 72.157 2 2 0
0.0372394 72.207 72.207 2 2 0
0.0365728 72.257 72.257 2 2 0
0.0359062 72.307 72.307 2 2 0
0.0352396 72.357 72.357 2 2 0
0.034573 72.407 72.407 2 2 0
0.0339064 72.457 72.457 2 2 0
0.0332398 72.507 72.507 2 2 0
0.0325732 72.557 72.557 2 2 0
0.0319066 72.607 72.607 2 2 0
0.03124 72.657 72.657 2 2 0
0.0305734 72.707 72.707 2 2 0
0.0299067 72.757 72.757 2 2 0
0.0292401 72.807 72.807 2 2 0
0.0285735 72.857 72.857 2 2 0
0.0279069 72.907 72.907 2 2 0
0.0272403 72.957 72.957 2 2 0
0.0265737 73.007 73.007 2 2 0
0.0259071 73.057 73.057 2 2 0
0.0252405 73.107 73.107 2 2 0
0.0245739 73.157 73.157 2 2 0
0.0239073 73.207 73.207 2 2 0
0.0232407 73.2569 73.2569 2 2 0
0.0225741 73.3069 73.3069 2 2 0
0.0219075 73.3569 73.3569 2 2 0
0.0212408 73.4069 73.4069 2 2 0
0.0205742 73.4569 73.4569 2 2 0
0.0199076 73.5069 73.5069 2 2 0
0.019241 73.5569 73.5569 2 2 0
0.0185744 73.6069 73.6069 2 2 0
0.0179078 73.6569 73.6569 2 2 0
0.0172412 73.7069 73.7069 2 2 0
0.0165746 73.7569 73.7569 2 2 0
0.015908 73.8069 73.8069 2 2 0
0.0152414 73.8569 73.8569 2 2 0
0.0145748 73.9069 73.9069 2 2 0
0.0139082 73.9569 73.9569 2 2 0
0.0132416 74.0069 74.0069 2 2 0
0.0125749 74.0569 74.0569 2 2 0
0.0119083 74.1069 74.1069 2 2 0
0.0112417 74.1569 74.1569 2 2 0
0.0105751 74.2069 74.2069 2 2 0
0.00990852 74.2569 74.2569 2 2 0
0.00924191 74.3069 74.3069 2 2 0
0.0085753 74.3569 74.3569 2 2 0
0.0079087 74.4068 74.4068 2 2 0
0.00724209 74.4568 74.4568 2 2 0
0.00657548 74.5068 74.5068 2 2 0
0.00590887 74.5568 74.5568 2 2 0
0.00524227 74.6068 74.6068 2 2 0
0.00457566 74.6568 74.6568 2 2 0
0.00390905 74.7068 74.7068 2 2 0
0.00324244 74.7568 74.7568 2 2 0
0.00257584 74.8068 74.8068 2 2 0
0.00190923 74.8568 74.8568 2 2 0
0.00124262 74.9068 74.9068 2 2 0
0.000576015 74.9568 74.9568 2 2 0
-9.05927e-05 75.0068 75.0068 2 2 0
0.950756 3.69228 3.69228 2 2 0
0.951233 3.65749 3.65749 2 2 0
0.9515 3.63749 3.63749 1 2 0
0.951793 3.6155 3.6155 1 2 0
0.95238 3.5715 3.5715 1 2 0
0.953047 3.5215 3.5215 1 2 0
0.953713 3.47151 3.47151 1 2 0
0.95438 3.42151 3.42151 1 2 0
0.955046 3.37152 3.37152 1 2 0
0.955713 3.32152 3.32152 1 2 0
0.95638 3.27153 3.27153 1 2 0
0.957046 3.22153 3.22153 1 2 0
0.957713 3.17154 3.17154 1 2 0
0.958379 3.12154 3.12154 1 2 0
0.959046 3.07154 3.07154 1 2 0
0.959713 3.02155 3.02155 1 2 0
0.960379 2.97155 2.97155 1 2 0
0.961046 2.92156 2.92156 1 2 0
0.961713 2.87156 2.87156 1 2 0
0.962379 2.82157 2.82157 1 2 0
0.963046 2.77157 2.77157 1 2 0
0.963712 2.72158 2.72158 1 2 0
0.964379 2.67158 2.67158 1 2 0
0.965046 2.62158 2.62158 1 2 0
0.965712 2.57159 2.57159 1 2 0
0.966379 2.52159 2.52159 1 2 0
0.967045 2.4716 2.4716 1 2 0
0.967712 2.4216 2.4216 1 2 0
0.968379 2.37161 2.37161 1 2 0
0.969045 2.32161 2.32161 1 2 0
0.969712 2.27162 2.27162 1 2 0
0.970378 2.22162 2.22162 1 2 0
0.971045 2.17162 2.17162 1 2 0
0.971712 2.12163 2.12163 1 2 0
0.972378 2.07163 2.07163 1 2 0
0.973045 2.02164 2.02164 1 2 0
0.973711 1.97164 1.97164 1 2 0
0.974378 1.92165 1.92165 1 2 0
0.975045 1.87165 1.87165 1 2 0
0.975711 1.82166 1.82166 1 2 0
0.976378 1.77166 1.77166 1 2 0
0.977044 1.72166 1.72166 1 2 0
0.977711 1.67167 1.67167 1 2 0
0.978378 1.62167 1.62167 1 2 0
0.979044 1.57168 1.57168 1 2 0
0.979711 1.52168 1.52168 1 2 0
0.980378 1.47169 1.47169 1 2 0
0.981044 1.42169 1.42169 1 2 0
0.981711 1.3717 1.3717 1 2 0
0.982377 1.3217 1.3217 1 2 0
0.983044 1.2717 1.2717 1 2 0
0.983711 1.22171 1.22171 1 2 0
0.984377 1.17171 1.17171 1 2 0
0.985044 1.12172 1.12172 1 2 0
0.98571 1.07172 1.07172 1 2 0
0.986377 1.02173 1.02173 1 2 0
0.987044 0.971731 0.971731 1 2 0
0.98771 0.921735 0.921735 1 2 0
0.988377 0.87174 0.87174 1 2 0
0.989043 0.821744 0.821744 1 2 0
0.98971 0.771749 0.771749 1 2 0
0.990377 0.721753 0.721753 1 2 0
0.991043 0.671757 0.671757 1 2 0
0.99171 0.621762 0.621762 1 2 0
0.992376 0.571766 0.571766 1 2 0
0.993043 0.521771 0.521771 1 2 0
0.99371 0.471775 0.471775 1 2 0
0.994376 0.42178 0.42178 1 2 0
0.995043 0.371784 0.371784 1 2 0
0.995709 0.321789 0.321789 1 2 0
0.996376 0.271793 0.271793 1 2 0
0.997043 0.221797 0.221797 1 2 0
0.997709 0.171802 0.171802 1 2 0
0.998376 0.121806 0.121806 1 2 0
0.999043 0.0718108 0.0718108 1 2 0
0.999709 0.0218152 0.0218152 1 2 0
1 4.95619e-07 4.95619e-07 1 2 0
1.00067 -0.0499951 -0.0499951 2 2 0
1 4.95619e-07 4.95619e-07 2 3 0
1.02 1.87354e-30 1.87354e-30 2 3 0
1 4.95619e-07 4.95619e-07 2 3 0
0.979998 3.9443e-30 3.9443e-30 2 3 0
0.959998 -2.20235e-11 -2.20235e-11 2 3 0
0.919998 -1.40385e-19 -1.40385e-19 2 3 0
0.869998 -7.77388e-23 -7.77388e-23 2 3 0
0.819998 2.40741e-35 2.40741e-35 2 3 0
0.769998 3.52648e-38 3.52648e-38 2 3 0
0.719998 -8.01829e-51 -8.01829e-51 2 3 0
0.669998 -1.56607e-53 -1.56607e-53 2 3 0
0.619998 0 0 2 3 0
0.569998 2.31825e-69 2.31825e-69 2 3 0
0.519998 5.14756e-85 5.14756e-85 2 3 0
0.469998 0 0 2 3 0
0.419998 0 0 2 3 0
0.369998 0 0 2 3 0
0.319998 0 0 2 3 0
0.269998 0 0 2 3 0
0.219998 0 0 2 3 0
0.169998 0 0 2 3 0
0.119998 0 0 2 3 0
0.0699981 0 0 2 3 0
0.0199981 0 0 2 3 0
-0.0300019 0 0 2 3 0
0.7 3.09712 3.09712 2 1 0
0.68669 3.06355 3.06355 1 1 0
0.676317 3.03885 3.03885 1 1 0
0.659029 2.99769 2.99769 1 1 0
0.641741 2.95653 2.95653 1 1 0
0.624453 2.91536 2.91536 1 1 0
0.607165 2.8742 2.8742 1 1 0
0.589877 2.83304 2.83304 1 1 0
0.572589 2.79188 2.79188 1 1 0
0.555301 2.75072 2.75072 1 1 0
0.538013 2.70956 2.70956 1 1 0
0.520725 2.66839 2.66839 1 1 0
0.503437 2.62723 2.62723 1 1 0
0.486149 2.58607 2.58607 1 1 0
0.468861 2.54491 2.54491 1 1 0
0.451573 2.50375 2.50375 1 1 0
0.434285 2.46258 2.46258 1 1 0
0.416997 2.42142 2.42142 1 1 0
0.399709 2.38026 2.38026 1 1 0
0.382421 2.3391 2.3391 1 1 0
0.365133 2.29794 2.29794 1 1 0
0.347845 2.25677 2.25677 1 1 0
0.330557 2.21561 2.21561 1 1 0
0.313269 2.17445 2.17445 1 1 0
0.295981 2.13329 2.13329 1 1 0
0.278693 2.09213 2.09213 1 1 0
0.261405 2.05096 2.05096 1 1 0
0.244117 2.0098 2.0098 1 1 0
0.226829 1.96864 1.96864 1 1 0
0.209541 1.92748 1.92748 1 1 0
0.204195 1.91475 1.91475 2 1 0
0.186907 1.87359 1.87359 2 1 0
0.169619 1.83243 1.83243 2 1 0
0.152331 1.79126 1.79126 2 1 0
0.135043 1.7501 1.7501 2 1 0
0.117755 1.70894 1.70894 2 1 0
0.100467 1.66778 1.66778 2 1 0
0.0831788 1.62662 1.62662 2 1 0
0.0658908 1.58545 1.58545 2 1 0
0.0486028 1.54429 1.54429 2 1 0
0.0313148 1.50313 1.50313 2 1 0
0.0140268 1.46197 1.46197 2 1 0
-0.00326117 1.42081 1.42081 2 1 0
0.204195 1.91475 1.91475 4 9 0
0.204193 1.9395 1.89021 4 9 0
0.204193 1.93986 1.88985 3 9 0
0.204177 2.00275 1.82932 3 9 0
0.204143 2.06692 1.77008 3 9 0
0.204091 2.13236 1.71212 3 9 0
0.20402 2.1992 1.6558 3 9 0
0.203932 2.26732 1.60047 3 9 0
0.203826 2.33674 1.54627 3 9 0
0.203702 2.40731 1.49311 3 9 0
0.203561 2.47942 1.44146 3 9 0
0.203401 2.55282 1.39107 3 9 0
0.203224 2.62744 1.34196 3 9 0
0.203028 2.70345 1.29411 3 9 0
0.202816 2.78073 1.24751 3 9 0
0.202585 2.85884 1.20264 3 9 0
0.202337 2.93835 1.1581 3 9 0
0.202072 3.01902 1.11475 3 9 0
0.201789 3.10183 1.07286 3 9 0
0.201488 3.18585 1.03226 3 9 0
0.201171 3.27111 0.992827 3 9 0
0.200836 3.35773 0.953748 3 9 0
0.200484 3.44535 0.916504 3 9 0
0.200115 3.53413 0.880389 3 9 0
0.199729 3.62203 0.845067 3 9 0
0.199326 3.71387 0.811118 3 9 0
0.198907 3.80693 0.777673 3 9 0
0.198471 3.90193 0.745409 3 9 0
0.198018 3.99686 0.7139 3 9 0
0.197549 4.09285 0.683426 3 9 0
0.197063 4.19065 0.653564 3 9 0
0.196562 4.28934 0.625264 3 9 0
0.196044 4.38906 0.59794 3 9 0
0.19551 4.49009 0.572114 3 9 0
0.194961 4.59195 0.546802 3 9 0
0.194396 4.69474 0.522397 3 9 0
0.193815 4.80053 0.497675 3 9 0
0.193219 4.90624 0.474851 3 9 0
0.192608 5.01288 0.452881 3 9 0
0.191982 5.12118 0.431092 3 9 0
0.191341 5.2301 0.410572 3 9 0
0.190685 5.33988 0.390853 3 9 0
0.190014 5.45037 0.371914 3 9 0
0.189329 5.56364 0.353731 3 9 0
0.18863 5.67783 0.336284 3 9 0
0.187916 5.78935 0.319847 3 9 0
0.187189 5.90336 0.30384 3 9 0
0.186448 6.018 0.288289 3 9 0
0.185694 6.1375 0.273094 3 9 0
0.184926 6.25407 0.258631 3 9 0
0.184145 6.37485 0.244808 3 9 0
0.18335 6.49768 0.231493 3 9 0
0.182544 6.61729 0.218921 3 9 0
0.181724 6.73996 0.206925 3 9 0
0.180892 6.8716 0.195496 3 9 0
0.180048 6.99781 0.18461 3 9 0
0.179192 7.12475 0.17424 3 9 0
0.178324 7.25015 0.164553 3 9 0
0.177445 7.3768 0.155182 3 9 0
0.176554 7.50392 0.146268 3 9 0
0.175653 7.6401 0.137931 3 9 0
0.17474 7.77153 0.129601 3 9 0
0.173816 7.90353 0.121703 3 9 0
0.172882 8.0369 0.113967 3 9 0
0.171938 8.17125 0.106933 3 9 0
0.170983 8.30611 0.100274 3 9 0
0.170017 8.44196 0.0940006 3 9 0
0.169043 8.57963 0.088029 3 9 0
0.168059 8.7178 0.0823873 3 9 0
0.167067 8.85645 0.0770673 3 9 0
0.166065 8.99549 0.0720475 3 9 0
0.165054 9.13488 0.0673137 3 9 0
0.164034 9.27789 0.0628675 3 9 0
0.163006 9.41892 0.058668 3 9 0
0.16197 9.56022 0.0547151 3 9 0
0.160926 9.71037 0.0510349 3 9 0
0.159873 9.85476 0.0475417 3 9 0
0.158813 9.99941 0.0442598 3 9 0
0.157746 10.1506 0.0412367 3 9 0
0.156671 10.2995 0.0383465 3 9 0
0.155589 10.4486 0.0356362 3 9 0
0.154501 10.5987 0.0330996 3 9 0
0.153405 10.7505 0.0306032 3 9 0
0.152302 10.9027 0.0282747 3 9 0
0.151194 11.0547 0.0261045 3 9 0
0.150079 11.2098 0.0240833 3 9 0
0.148957 11.3652 0.0222023 3 9 0
0.147831 11.5211 0.0204533 3 9 0
0.146697 11.6773 0.0188281 3 9 0
0.145558 11.8337 0.0173192 3 9 0
0.144413 11.9948 0.0159193 3 9 0
0.143262 12.1541 0.0146217 3 9 0
0.142107 12.3135 0.0134197 3 9 0
0.140945 12.4758 0.0123072 3 9 0
0.139779 12.6367 0.0112784 3 9 0
0.138608 12.7976 0.0103277 3 9 0
0.13743 12.9634 0.00944991 3 9 0
0.13625 13.1257 0.00864012 3 9 0
0.135065 13.2879 0.00789365 3 9 0
0.133874 13.4662 0.00720607 3 9 0
0.132679 13.6332 0.00657329 3 9 0
0.131481 13.8002 0.0059914 3 9 0
0.130276 13.9742 0.00545679 3 9 0
0.129069 14.1455 0.00496595 3 9 0
0.127858 14.3168 0.0045157 3 9 0
0.126639 14.4903 0.00410304 3 9 0
0.12542 14.6648 0.00372513 3 9 0
0.124198 14.8394 0.00337933 3 9 0
0.122966 15.015 0.00306315 3 9 0
0.121736 15.1902 0.00277436 3 9 0
0.120502 15.3653 0.00251078 3 9 0
0.119257 15.5435 0.00227036 3 9 0
0.118016 15.7193 0.00205134 3 9 0
0.116771 15.895 0.00185195 3 9 0
0.115515 16.0879 0.00167056 3 9 0
0.114263 16.2672 0.0014993 3 9 0
0.113009 16.4464 0.00134408 3 9 0
0.111738 16.638 0.00120724 3 9 0
0.110477 16.8198 0.00108022 3 9 0
0.109213 17.0013 0.000965674 3 9 0
0.107922 17.1872 0.00086579 3 9 0
0.106651 17.3692 0.000772491 3 9 0
0.105378 17.5606 0.000688609 3 9 0
0.104066 17.7587 0.000616029 3 9 0
0.102787 17.9552 0.000548062 3 9 0
0.101506 18.1518 0.000487137 3 9 0
0.100173 18.3488 0.000434662 3 9 0
0.0988859 18.5453 0.00038558 3 9 0
0.0975967 18.7418 0.000341715 3 9 0
0.0962397 18.938 0.000304136 3 9 0
0.0949455 19.1349 0.000268997 3 9 0
0.0936494 19.3316 0.000237691 3 9 0
0.0922627 19.5313 0.000211067 3 9 0
0.0909622 19.7291 0.000186123 3 9 0
0.0896604 19.9267 0.000163969 3 9 0
0.0882293 20.1338 0.000145348 3 9 0
0.086924 20.3338 0.000127781 3 9 0
0.085618 20.5335 0.000112229 3 9 0
0.0841337 20.7428 9.93267e-05 3 9 0
0.0828254 20.9445 8.70529e-05 3 9 0
0.0815179 21.1458 7.62226e-05 3 9 0
0.079968 21.3565 6.73632e-05 3 9 0
0.0786593 21.5593 5.88544e-05 3 9 0
0.0773532 21.7617 5.13725e-05 3 9 0
0.0757078 21.9753 4.53688e-05 3 9 0
0.0744019 22.1792 3.9302e-05 3 9 0
0.0731015 22.3825 3.39097e-05 3 9 0
0.0714039 22.6041 2.93876e-05 3 9 0
0.0701059 22.8295 2.52833e-05 3 9 0
0.0688164 23.0547 2.17337e-05 3 9 0
0.0658151 23.2637 1.88467e-05 3 9 0
0.0644777 23.481 1.60777e-05 3 9 0
0.0631869 23.6922 1.37586e-05 3 9 0
0.0612294 23.9347 1.17529e-05 3 9 0
0.0599537 24.1529 1.00268e-05 3 9 0
0.0587019 24.3698 8.55303e-06 3 9 0
0.057033 24.6065 7.26613e-06 3 9 0
0.0558263 24.8287 6.1862e-06 3 9 0
0.0546521 25.0503 5.26566e-06 3 9 0
0.0526006 25.2826 4.46296e-06 3 9 0
0.0514857 25.5105 3.79029e-06 3 9 0
0.050432 25.7362 3.22392e-06 3 9 0
0.0477848 25.9683 2.7303e-06 3 9 0
0.0468046 26.2059 2.31274e-06 3 9 0
0.0459429 26.4364 1.97087e-06 3 9 0
0.0422425 26.6649 1.67158e-06 3 9 0
0.0414668 26.9232 1.408e-06 3 9 0
0.0409371 27.1585 1.20786e-06 3 9 0
0.0356629 27.1098 1.14508e-06 4 9 0
0.0374138 26.6641 1.57731e-06 3 9 0
0.0385522 26.4269 1.88187e-06 3 9 0
0.0430132 26.2033 2.2396e-06 3 9 0
0.0443837 25.9525 2.67964e-06 3 9 0
0.0456725 25.7272 3.15016e-06 3 9 0
0.0507603 25.5173 3.70371e-06 3 9 0
0.0520761 25.257 4.47569e-06 3 9 0
0.0532523 25.0338 5.26302e-06 3 9 0
0.0545922 24.8058 6.21685e-06 3 9 0
0.0558368 24.5844 7.30221e-06 3 9 0
0.0571075 24.3628 8.57139e-06 3 9 0
0.0596234 24.1466 1.00465e-05 3 9 0
0.0609173 23.9236 1.18005e-05 3 9 0
0.0622095 23.7039 1.38135e-05 3 9 0
0.0633505 23.4768 1.62334e-05 3 9 0
0.0646788 23.2611 1.89651e-05 3 9 0
0.0660173 23.0453 2.21313e-05 3 9 0
0.0699042 22.8443 2.53929e-05 3 9 0
0.0712616 22.6178 2.98076e-05 3 9 0
0.0725478 22.4045 3.46197e-05 3 9 0
0.0735919 22.1864 4.03087e-05 3 9 0
0.0749112 21.9754 4.67103e-05 3 9 0
0.0762339 21.7643 5.40609e-05 3 9 0
0.0787251 21.5618 6.00646e-05 3 9 0
0.0800365 21.3501 6.88632e-05 3 9 0
0.0813351 21.141 7.87378e-05 3 9 0
0.0825731 20.9318 8.98658e-05 3 9 0
0.0838859 20.726 0.000102533 3 9 0
0.0851993 20.52 0.000116865 3 9 0
0.0870348 20.3184 0.000130308 3 9 0
0.088337 20.1152 0.00014826 3 9 0
0.089636 19.9123 0.000168466 3 9 0
0.0909871 19.7069 0.000190272 3 9 0
0.0922879 19.5087 0.000215761 3 9 0
0.0935873 19.3103 0.000244421 3 9 0
0.0950249 19.1119 0.000274706 3 9 0
0.0963172 18.9122 0.000310579 3 9 0
0.0976075 18.7125 0.000350788 3 9 0
0.0989893 18.5216 0.000392783 3 9 0
0.100275 18.3245 0.000442762 3 9 0
0.101559 18.1275 0.000498619 3 9 0
0.102893 17.935 0.000558502 3 9 0
0.104171 17.739 0.000627734 3 9 0
0.105447 17.5432 0.000704881 3 9 0
0.106774 17.3552 0.000786028 3 9 0
0.108043 17.1608 0.000880925 3 9 0
0.10931 16.9739 0.000986358 3 9 0
0.110602 16.7959 0.00109878 3 9 0
0.111862 16.6148 0.00122795 3 9 0
0.113119 16.4336 0.00137104 3 9 0
0.114394 16.2495 0.00152382 3 9 0
0.115645 16.0693 0.00169088 3 9 0
0.116892 15.889 0.00187425 3 9 0
0.118151 15.7043 0.00207594 3 9 0
0.119392 15.527 0.00229734 3 9 0
0.120629 15.3497 0.00254028 3 9 0
0.121874 15.1592 0.00280679 3 9 0
0.123104 14.9871 0.00309861 3 9 0
0.124331 14.8148 0.00341804 3 9 0
0.125558 14.6355 0.00376752 3 9 0
0.126776 14.4653 0.00414929 3 9 0
0.127991 14.2951 0.00456612 3 9 0
0.129207 14.1242 0.00502095 3 9 0
0.130414 13.9512 0.00551664 3 9 0
0.131616 13.7785 0.0060565 3 9 0
0.132814 13.6081 0.00664396 3 9 0
0.134008 13.4431 0.00728276 3 9 0
0.135197 13.2782 0.00797679 3 9 0
0.136386 13.1121 0.00873036 3 9 0
0.137566 12.948 0.0095476 3 9 0
0.138741 12.7841 0.0104333 3 9 0
0.139913 12.6194 0.0113926 3 9 0
0.141079 12.4579 0.0124305 3 9 0
0.142239 12.2966 0.0135528 3 9 0
0.143397 12.1338 0.0147653 3 9 0
0.144546 11.9757 0.016074 3 9 0
0.14569 11.8177 0.0174857 3 9 0
0.146828 11.6594 0.0190075 3 9 0
0.147961 11.5031 0.0206461 3 9 0
0.149088 11.347 0.0224095 3 9 0
0.15021 11.1918 0.0243061 3 9 0
0.151325 11.0368 0.0263436 3 9 0
0.152433 10.882 0.028531 3 9 0
0.153534 10.7323 0.0308774 3 9 0
0.154629 10.5818 0.0333931 3 9 0
0.155717 10.4315 0.0360878 3 9 0
0.156797 10.2821 0.0388458 3 9 0
0.157871 10.133 0.041756 3 9 0
0.158938 9.98427 0.0448561 3 9 0
0.159996 9.83973 0.0480495 3 9 0
0.161048 9.6943 0.0515634 3 9 0
0.162091 9.54926 0.0552999 3 9 0
0.163126 9.40595 0.0592104 3 9 0
0.164153 9.26272 0.0634321 3 9 0
0.165172 9.11995 0.0679132 3 9 0
0.166182 8.98048 0.0726377 3 9 0
0.167183 8.83998 0.0776836 3 9 0
0.168175 8.69998 0.08303 3 9 0
0.169157 8.56284 0.088693 3 9 0
0.17013 8.42469 0.094693 3 9 0
0.171093 8.28713 0.101039 3 9 0
0.172047 8.15 0.10779 3 9 0
0.17299 8.01373 0.114889 3 9 0
0.173923 7.88138 0.122383 3 9 0
0.174844 7.74856 0.130366 3 9 0
0.175756 7.61996 0.138717 3 9 0
0.176656 7.49178 0.147518 3 9 0
0.177547 7.36568 0.156803 3 9 0
0.178425 7.2375 0.16656 3 9 0
0.179292 7.10995 0.17646 3 9 0
0.180147 6.97735 0.187028 3 9 0
0.180989 6.85447 0.197843 3 9 0
0.18182 6.73211 0.20918 3 9 0
0.182637 6.6089 0.220444 3 9 0
0.183443 6.48816 0.232962 3 9 0
0.184235 6.36806 0.246067 3 9 0
0.185015 6.24725 0.259869 3 9 0
0.185782 6.12922 0.2743 3 9 0
0.186535 6.01189 0.289388 3 9 0
0.187274 5.89305 0.305528 3 9 0
0.188 5.77842 0.322062 3 9 0
0.188711 5.66453 0.339132 3 9 0
0.189409 5.54715 0.356122 3 9 0
0.190092 5.43628 0.374333 3 9 0
0.190761 5.32616 0.393299 3 9 0
0.191416 5.21371 0.412923 3 9 0
0.192055 5.1035 0.43352 3 9 0
0.19268 4.99664 0.45494 3 9 0
0.193289 4.89337 0.477264 3 9 0
0.193883 4.78722 0.500426 3 9 0
0.194462 4.68211 0.524476 3 9 0
0.195025 4.5791 0.548942 3 9 0
0.195573 4.47629 0.57469 3 9 0
0.196105 4.37459 0.601383 3 9 0
0.196621 4.27637 0.629409 3 9 0
0.19712 4.17721 0.657567 3 9 0
0.197604 4.07919 0.686714 3 9 0
0.198071 3.98589 0.716633 3 9 0
0.198522 3.89088 0.748047 3 9 0
0.198956 3.79699 0.780512 3 9 0
0.199374 3.70189 0.815011 3 9 0
0.199775 3.6113 0.849568 3 9 0
0.200159 3.5222 0.884677 3 9 0
0.200526 3.43515 0.920464 3 9 0
0.200876 3.34768 0.957892 3 9 0
0.201208 3.2614 0.996468 3 9 0
0.201524 3.17626 1.0365 3 9 0
0.201822 3.09242 1.07732 3 9 0
0.202103 3.00985 1.11933 3 9 0
0.202367 2.9287 1.1631 3 9 0
0.202613 2.84943 1.20776 3 9 0
0.202841 2.77133 1.25361 3 9 0
0.203052 2.69402 1.29991 3 9 0
0.203245 2.61847 1.34812 3 9 0
0.20342 2.54415 1.39756 3 9 0
0.203578 2.47097 1.44737 3 9 0
0.203718 2.39901 1.49916 3 9 0
0.203839 2.32837 1.55222 3 9 0
0.203943 2.25915 1.60661 3 9 0
0.204029 2.19116 1.6622 3 9 0
0.204098 2.12451 1.71904 3 9 0
0.204148 2.0593 1.77701 3 9 0
0.20418 1.99531 1.83631 3 9 0
0.204194 1.93267 1.89693 3 9 0
0.204195 1.91626 1.91324 4 9 0
0.204186 1.97548 1.85519 3 9 0
0.204186 1.97551 1.85517 3 9 0
0.20416 2.0391 1.79553 3 9 0
0.204115 2.10403 1.73704 3 9 0
0.204053 2.17029 1.67979 3 9 0
0.203972 2.23768 1.62397 3 9 0
0.203874 2.30658 1.56924 3 9 0
0.203758 2.3768 1.51577 3 9 0
0.203624 2.44829 1.46354 3 9 0
0.203472 2.52095 1.41271 3 9 0
0.203302 2.59485 1.36314 3 9 0
0.203114 2.6701 1.3148 3 9 0
0.202909 2.74645 1.26745 3 9 0
0.202686 2.82416 1.22132 3 9 0
0.202446 2.90422 1.17637 3 9 0
0.202188 2.985 1.13274 3 9 0
0.201913 3.06704 1.09032 3 9 0
0.20162 3.14944 1.049 3 9 0
0.20131 3.23335 1.00892 3 9 0
0.200982 3.31836 0.970015 3 9 0
0.200638 3.40751 0.931672 3 9 0
0.200276 3.49567 0.894869 3 9 0
0.199897 3.58495 0.859187 3 9 0
0.199502 3.67471 0.824621 3 9 0
0.199089 3.76595 0.790791 3 9 0
0.19866 3.85819 0.758034 3 9 0
0.198215 3.95368 0.726328 3 9 0
0.197753 4.04833 0.695672 3 9 0
0.197274 4.14482 0.666036 3 9 0
0.19678 4.24261 0.637319 3 9 0
0.196269 4.34177 0.609567 3 9 0
0.195742 4.44321 0.582779 3 9 0
0.195199 4.54606 0.556992 3 9 0
0.194641 4.6497 0.531857 3 9 0
0.194067 4.75441 0.507634 3 9 0
0.193478 4.85907 0.484862 3 9 0
0.192873 4.96611 0.462191 3 9 0
0.192253 5.07415 0.440377 3 9 0
0.191618 5.18142 0.419383 3 9 0
0.190969 5.29005 0.399381 3 9 0
0.190304 5.39944 0.380163 3 9 0
0.189626 5.5152 0.361286 3 9 0
0.188932 5.62888 0.343413 3 9 0
0.188225 5.74344 0.326271 3 9 0
0.187504 5.85675 0.309829 3 9 0
0.186769 5.97405 0.293962 3 9 0
0.18602 6.09222 0.278771 3 9 0
0.185258 6.20648 0.264712 3 9 0
0.184482 6.32391 0.250924 3 9 0
0.183694 6.44249 0.237741 3 9 0
0.182892 6.56929 0.224434 3 9 0
0.182078 6.6934 0.212138 3 9 0
0.181252 6.81831 0.20041 3 9 0
0.180413 6.94176 0.189308 3 9 0
0.179562 7.06881 0.178624 3 9 0
0.178699 7.1966 0.168452 3 9 0
0.177825 7.31725 0.159557 3 9 0
0.176939 7.44295 0.150477 3 9 0
0.176042 7.57331 0.14178 3 9 0
0.175133 7.71464 0.132488 3 9 0
0.174214 7.84576 0.12454 3 9 0
0.173284 7.97735 0.117002 3 9 0
0.172344 8.10934 0.110158 3 9 0
0.171394 8.2457 0.103445 3 9 0
0.170434 8.38268 0.0970862 3 9 0
0.169464 8.52038 0.0905652 3 9 0
0.168485 8.65725 0.084818 3 9 0
0.167496 8.79451 0.0793882 3 9 0
0.166498 8.92825 0.0741622 3 9 0
0.165491 9.06519 0.069286 3 9 0
0.164475 9.2023 0.0646904 3 9 0
0.163451 9.35541 0.0604238 3 9 0
0.162418 9.49574 0.0563628 3 9 0
0.161377 9.63625 0.0525421 3 9 0
0.160328 9.78198 0.0487745 3 9 0
0.159271 9.92361 0.0453705 3 9 0
0.158207 10.0728 0.0421767 3 9 0
0.157135 10.2353 0.0392349 3 9 0
0.156056 10.3847 0.0363839 3 9 0
0.15497 10.5344 0.0337171 3 9 0
0.153877 10.6855 0.0313131 3 9 0
0.152777 10.8373 0.0289633 3 9 0
0.151671 10.9893 0.0267711 3 9 0
0.150558 11.1241 0.0248293 3 9 0
0.149439 11.283 0.0229555 3 9 0
0.148314 11.4424 0.0212087 3 9 0
0.147182 11.6099 0.0194281 3 9 0
0.146045 11.766 0.0179026 3 9 0
0.144902 11.9222 0.0164852 3 9 0
0.143754 12.0698 0.0151442 3 9 0
0.1426 12.2341 0.0139166 3 9 0
0.141442 12.3989 0.012779 3 9 0
0.140277 12.5676 0.0117583 3 9 0
0.139109 12.732 0.0107663 3 9 0
0.137935 12.8966 0.00985044 3 9 0
0.136756 13.0614 0.00909313 3 9 0
0.135573 13.2263 0.00829823 3 9 0
0.134385 13.3912 0.00756676 3 9 0
0.133191 13.5615 0.00691079 3 9 0
0.131994 13.7312 0.00629033 3 9 0
0.130793 13.901 0.00572091 3 9 0
0.129585 14.0718 0.00523477 3 9 0
0.128376 14.2428 0.00475063 3 9 0
0.127163 14.4138 0.00430766 3 9 0
0.125942 14.5897 0.00391388 3 9 0
0.124721 14.7634 0.00354229 3 9 0
0.123496 14.937 0.00320326 3 9 0
0.122263 15.1098 0.00290752 3 9 0
0.121031 15.283 0.00263319 3 9 0
0.119795 15.4561 0.00238285 3 9 0
0.11855 15.6346 0.00212817 3 9 0
0.117307 15.8107 0.00192079 3 9 0
0.116061 15.9976 0.00173219 3 9 0
0.114805 16.187 0.00154245 3 9 0
0.113552 16.3741 0.00138682 3 9 0
0.112297 16.5613 0.00124583 3 9 0
0.111032 16.7455 0.00111235 3 9 0
0.10977 16.9283 0.000996152 3 9 0
0.108506 17.111 0.000891307 3 9 0
0.107235 17.2808 0.000798743 3 9 0
0.105965 17.4771 0.000712489 3 9 0
0.104693 17.6736 0.000634975 3 9 0
0.103417 17.8739 0.000567914 3 9 0
0.102141 18.0702 0.00050483 3 9 0
0.100862 18.2666 0.000448339 3 9 0
0.0995825 18.458 0.000403038 3 9 0
0.0983001 18.6564 0.000356836 3 9 0
0.0970161 18.8548 0.000315632 3 9 0
0.0957606 19.0521 0.000285946 3 9 0
0.0944762 19.2517 0.000252127 3 9 0
0.093191 19.4513 0.000222096 3 9 0
0.0919855 19.6524 0.000202404 3 9 0
0.0907053 19.8539 0.00017886 3 9 0
0.0894256 20.0553 0.000156906 3 9 0
0.0883265 20.2501 0.000136829 3 9 0
0.0870644 20.4489 0.000120894 3 9 0
0.0858055 20.6474 0.000106744 3 9 0
0.0846658 20.8614 9.24242e-05 3 9 0
0.0834224 21.0645 8.14259e-05 3 9 0
0.0821843 21.2802 7.16928e-05 3 9 0
0.0808227 21.4866 6.25155e-05 3 9 0
0.0795772 21.6953 5.49411e-05 3 9 0
0.0783376 21.914 4.82579e-05 3 9 0
0.0770447 22.1253 4.20174e-05 3 9 0
0.0758062 22.3455 3.68497e-05 3 9 0
0.0745744 22.5657 3.23023e-05 3 9 0
0.0732069 22.7744 2.82817e-05 3 9 0
0.071973 22.9971 2.47652e-05 3 9 0
0.0707467 23.2198 2.15071e-05 3 9 0
0.0696072 23.4424 1.86162e-05 3 9 0
0.0683956 23.6598 1.62723e-05 3 9 0
0.0671935 23.8769 1.41056e-05 3 9 0
0.0675267 24.0972 1.17033e-05 3 9 0
0.0664061 24.3339 1.0176e-05 3 9 0
0.0653217 24.566 8.87342e-06 3 9 0
0.0648326 24.7984 7.77176e-06 3 9 0
0.0637803 25.021 6.78133e-06 3 9 0
0.0627451 25.2426 5.92244e-06 3 9 0
0.0618951 25.4992 5.19386e-06 3 9 0
0.0608588 25.7281 4.54276e-06 3 9 0
0.059831 25.9566 3.97667e-06 3 9 0
0.0603301 26.1881 3.50843e-06 3 9 0
0.059355 26.4355 3.07184e-06 3 9 0
0.0584044 26.6774 2.70074e-06 3 9 0
0.0586295 26.9035 2.39536e-06 3 9 0
0.0576945 27.1534 2.1096e-06 3 9 0
0.056765 27.3996 1.86416e-06 3 9 0
0.0619775 27.6766 1.67726e-06 3 9 0
0.0610851 28.0034 1.43698e-06 3 9 0
0.0603841 28.2518 1.28006e-06 3 9 0
0.0686641 28.5264 1.21209e-06 3 9 0
0.067997 28.9052 1.02176e-06 3 9 0
0.0675238 29.1477 9.19255e-07 3 9 0
0.0743069 29.4501 8.64289e-07 3 9 0
0.0738065 29.8107 7.47047e-07 3 9 0
0.0733847 30.0586 6.76855e-07 3 9 0
0.0763988 30.312 6.23019e-07 3 9 0
0.0758729 30.5913 5.59079e-07 3 9 0
0.0753255 30.8369 5.08904e-07 3 9 0
0.0797131 31.0996 4.70413e-07 3 9 0
0.0790114 31.4178 4.16029e-07 3 9 0
0.0783564 31.6854 3.62683e-07 3 9 0
0.0785086 31.9597 3.13232e-07 3 9 0
0.0776863 32.2281 2.71218e-07 3 9 0
0.0767812 32.4925 2.34791e-07 3 9 0
0.0996425 32.8181 2.89566e-07 3 9 0
0.0979064 33.5958 1.8939e-07 3 9 0
0.0971349 33.8701 1.63692e-07 3 9 0
0.130607 34.1964 2.45025e-07 3 9 0
0.128257 35.2208 1.28942e-07 3 9 0
0.127367 35.4747 1.07876e-07 3 9 0
0.148728 35.7083 1.05738e-07 3 9 0
0.145262 36.6455 3.71424e-08 4 9 0
0.143964 36.9124 2.2488e-08 4 9 0
0.15711 37.521 -8.46963e-08 4 9 0
0.15535 37.7641 -1.63105e-07 4 9 0
0.153467 38.0049 -2.32742e-07 4 9 0
0.168758 37.952 -6.49062e-07 4 9 0
0.162059 38.6721 -1.65905e-06 4 9 0
0.159695 38.9017 -1.97271e-06 4 9 0
0.180979 38.092 -3.04243e-06 4 9 0
0.17121 38.9534 -3.37072e-06 4 9 0
0.168556 39.1655 -3.41469e-06 4 9 0
0.188041 38.5241 -4.1771e-06 4 9 0
0.175193 39.5285 -4.35637e-06 4 9 0
0.17205 39.754 -4.48141e-06 4 9 0
0.177537 39.6547 -6.55431e-06 4 9 0
0.169758 40.1174 -6.48928e-06 4 9 0
0.166165 40.3386 -6.42815e-06 4 9 0
0.163095 40.4855 -1.1225e-05 4 9 0
0.158576 40.7423 -1.08128e-05 4 9 0
0.15467 40.9644 -1.04884e-05 4 9 0
0.15467 40.9624 -0.000463123 4 9 0
