0.7 0.303388 0.303388 2 1 0
0.714326 0.285878 0.285878 1 1 0
0.724699 0.273336 0.273336 1 1 0
0.741987 0.252434 0.252434 1 1 0
0.759275 0.231531 0.231531 1 1 0
0.776563 0.210629 0.210629 1 1 0
0.793851 0.189726 0.189726 1 1 0
0.811139 0.168823 0.168823 1 1 0
0.828427 0.147921 0.147921 1 1 0
0.845715 0.127018 0.127018 1 1 0
0.863003 0.106116 0.106116 1 1 0
0.880291 0.0852134 0.0852134 1 1 0
0.897579 0.0643108 0.0643108 1 1 0
0.914867 0.0434083 0.0434083 1 1 0
0.932155 0.0225058 0.0225058 1 1 0
0.949443 0.00160323 0.00160323 1 1 0
0.950756 1.63496e-05 1.63496e-05 1 1 0
0.968044 -0.0208862 -0.0208862 2 1 0
0.985332 -0.0417887 -0.0417887 2 1 0
1.00262 -0.0626913 -0.0626913 2 1 0
0.950756 1.63496e-05 1.63496e-05 2 2 0
0.950305 1.98905e-18 1.98905e-18 2 2 0
0.950038 -5.41822e-10 -5.41822e-10 2 2 0
0.949745 -1.87746e-14 -1.87746e-14 2 2 0
0.949158 1.96856e-17 1.96856e-17 2 2 0
0.948492 5.39896e-27 5.39896e-27 2 2 0
0.947825 -2.61926e-31 -2.61926e-31 2 2 0
0.947159 2.6822e-31 2.6822e-31 2 2 0
0.946492 -1.99288e-32 -1.99288e-32 2 2 0
0.945825 -5.25487e-46 -5.25487e-46 2 2 0
0.945159 -1.64215e-47 -1.64215e-47 2 2 0
0.944492 3.88938e-61 3.88938e-61 2 2 0
0.943826 -7.2926e-63 -7.2926e-63 2 2 0
0.943159 6.90893e-77 6.90893e-77 2 2 0
0.942492 -3.24397e-48 -3.24397e-48 2 2 0
0.941826 7.01615e-49 7.01615e-49 2 2 0
0.941159 1.52535e-50 1.52535e-50 2 2 0
0.940493 7.24497e-33 7.24497e-33 2 2 0
0.939826 1.36846e-47 1.36846e-47 2 2 0
0.939159 2.73691e-48 2.73691e-48 2 2 0
0.938493 1.22025e-49 1.22025e-49 2 2 0
0.937826 -2.77784e-50 -2.77784e-50 2 2 0
0.93716 6.98142e-50 6.98142e-50 2 2 0
0.936493 3.99312e-31 3.99312e-31 2 2 0
0.935826 3.50325e-46 3.50325e-46 2 2 0
0.93516 -2.12145e-32 -2.12145e-32 2 2 0
0.934493 2.73691e-47 2.73691e-47 2 2 0
0.933826 2.12145e-32 2.12145e-32 2 2 0
0.93316 -3.03066e-31 -3.03066e-31 2 2 0
0.932493 8.75812e-47 8.75812e-47 2 2 0
0.931827 5.73776e-32 5.73776e-32 2 2 0
0.93116 -4.37906e-47 -4.37906e-47 2 2 0
0.930493 -1.39665e-31 -1.39665e-31 2 2 0
0.929827 1.75162e-46 1.75162e-46 2 2 0
0.92916 2.18953e-47 2.18953e-47 2 2 0
0.928494 -9.3214e-50 -9.3214e-50 2 2 0
0.927827 -1.01156e-48 -1.01156e-48 2 2 0
0.92716 3.86021e-33 3.86021e-33 2 2 0
0.926494 -3.78857e-33 -3.78857e-33 2 2 0
0.925827 1.36846e-48 1.36846e-48 2 2 0
0.925161 6.84228e-49 6.84228e-49 2 2 0
0.924494 -3.59544e-33 -3.59544e-33 2 2 0
0.923827 2.73691e-48 2.73691e-48 2 2 0
0.923161 -2.05268e-48 -2.05268e-48 2 2 0
0.922494 -6.5788e-32 -6.5788e-32 2 2 0
0.921828 0 0 2 2 0
0.921161 -1.09476e-47 -1.09476e-47 2 2 0
0.920494 -3.32873e-49 -3.32873e-49 2 2 0
0.919828 2.60757e-49 2.60757e-49 2 2 0
0.919161 -3.19992e-33 -3.19992e-33 2 2 0
0.918495 3.15967e-33 3.15967e-33 2 2 0
0.917828 2.73691e-48 2.73691e-48 2 2 0
0.917161 -1.36846e-48 -1.36846e-48 2 2 0
0.916495 -6.07716e-64 -6.07716e-64 2 2 0
0.915828 2.1292e-48 2.1292e-48 2 2 0
0.915161 -4.16928e-49 -4.16928e-49 2 2 0
0.914495 6.12129e-51 6.12129e-51 2 2 0
0.913828 -5.01605e-32 -5.01605e-32 2 2 0
0.913162 -2.18953e-47 -2.18953e-47 2 2 0
0.912495 1.09476e-47 1.09476e-47 2 2 0
0.911828 -6.17838e-50 -6.17838e-50 2 2 0
0.911162 -2.80635e-33 -2.80635e-33 2 2 0
0.910495 0 0 2 2 0
0.909829 1.36846e-48 1.36846e-48 2 2 0
0.909162 1.11115e-49 1.11115e-49 2 2 0
0.908495 -1.14623e-48 -1.14623e-48 2 2 0
0.907829 -1.00362e-31 -1.00362e-31 2 2 0
0.907162 -6.93977e-33 -6.93977e-33 2 2 0
0.906496 1.09476e-47 1.09476e-47 2 2 0
0.905829 1.36846e-48 1.36846e-48 2 2 0
0.905162 2.43087e-63 2.43087e-63 2 2 0
0.904496 2.58231e-33 2.58231e-33 2 2 0
0.903829 6.84228e-49 6.84228e-49 2 2 0
0.903163 3.42114e-49 3.42114e-49 2 2 0
0.902496 6.48884e-51 6.48884e-51 2 2 0
0.901829 -8.92023e-51 -8.92023e-51 2 2 0
0.901163 -4.74778e-66 -4.74778e-66 2 2 0
0.900496 9.49557e-66 9.49557e-66 2 2 0
0.89983 -2.45045e-33 -2.45045e-33 2 2 0
0.899163 -4.9009e-33 -4.9009e-33 2 2 0
0.898496 -2.42953e-33 -2.42953e-33 2 2 0
0.89783 1.6197e-48 1.6197e-48 2 2 0
0.897163 -1.02634e-48 -1.02634e-48 2 2 0
0.896496 -3.06531e-49 -3.06531e-49 2 2 0
0.89583 7.59645e-65 7.59645e-65 2 2 0
0.895163 3.79823e-65 3.79823e-65 2 2 0
0.894497 5.26548e-81 5.26548e-81 2 2 0
0.89383 4.21688e-81 4.21688e-81 2 2 0
0.893163 0 0 2 2 0
0.892497 0 0 2 2 0
0.89183 0 0 2 2 0
0.891164 -1.57818e-96 -1.57818e-96 2 2 0
0.890497 -3.15636e-96 -3.15636e-96 2 2 0
0.88983 -4.73454e-96 -4.73454e-96 2 2 0
0.889164 -6.31272e-96 -6.31272e-96 2 2 0
0.888497 -4.29778e-32 -4.29778e-32 2 2 0
0.887831 -4.84549e-33 -4.84549e-33 2 2 0
0.887164 3.32869e-32 3.32869e-32 2 2 0
0.886497 2.90243e-32 2.90243e-32 2 2 0
0.885831 5.47382e-48 5.47382e-48 2 2 0
0.885164 0 0 2 2 0
0.884498 -1.07069e-48 -1.07069e-48 2 2 0
0.883831 -2.17137e-33 -2.17137e-33 2 2 0
0.883164 -6.84228e-49 -6.84228e-49 2 2 0
0.882498 6.84228e-49 6.84228e-49 2 2 0
0.881831 -1.12588e-49 -1.12588e-49 2 2 0
0.881164 -3.88504e-32 -3.88504e-32 2 2 0
0.880498 -3.05357e-34 -3.05357e-34 2 2 0
0.879831 -3.88562e-32 -3.88562e-32 2 2 0
0.879165 0 0 2 2 0
0.878498 -3.97545e-32 -3.97545e-32 2 2 0
0.877831 -1.17752e-33 -1.17752e-33 2 2 0
0.877165 3.73995e-32 3.73995e-32 2 2 0
0.876498 -1.78826e-33 -1.78826e-33 2 2 0
0.875832 -4.0976e-32 -4.0976e-32 2 2 0
0.875165 -2.05807e-33 -2.05807e-33 2 2 0
0.874498 3.47956e-32 3.47956e-32 2 2 0
0.873832 -2.98363e-33 -2.98363e-33 2 2 0
0.873165 -4.07629e-32 -4.07629e-32 2 2 0
0.872499 -2.37229e-33 -2.37229e-33 2 2 0
0.871832 0 0 2 2 0
0.871165 -6.84228e-49 -6.84228e-49 2 2 0
0.870499 3.03858e-64 3.03858e-64 2 2 0
0.869832 0 0 2 2 0
0.869166 6.74701e-80 6.74701e-80 2 2 0
0.868499 -2.99627e-95 -2.99627e-95 2 2 0
0.867832 -6.74701e-80 -6.74701e-80 2 2 0
0.867166 -1.3494e-79 -1.3494e-79 2 2 0
0.866499 7.40646e-32 7.40646e-32 2 2 0
0.865833 4.34858e-33 4.34858e-33 2 2 0
0.865166 7.80023e-32 7.80023e-32 2 2 0
0.864499 8.69081e-33 8.69081e-33 2 2 0
0.863833 0 0 2 2 0
0.863166 1.36846e-48 1.36846e-48 2 2 0
0.862499 3.03858e-64 3.03858e-64 2 2 0
0.861833 0 0 2 2 0
0.861166 -3.03615e-79 -3.03615e-79 2 2 0
0.8605 -6.07231e-79 -6.07231e-79 2 2 0
0.859833 -1.92853e-33 -1.92853e-33 2 2 0
0.859166 1.9236e-33 1.9236e-33 2 2 0
0.8585 3.86795e-33 3.86795e-33 2 2 0
0.857833 -6.84228e-48 -6.84228e-48 2 2 0
0.857167 1.36846e-48 1.36846e-48 2 2 0
0.8565 -1.21543e-63 -1.21543e-63 2 2 0
0.855833 0 0 2 2 0
0.855167 1.53131e-64 1.53131e-64 2 2 0
0.8545 1.89101e-33 1.89101e-33 2 2 0
0.853834 1.88661e-33 1.88661e-33 2 2 0
0.853167 0 0 2 2 0
0.8525 0 0 2 2 0
0.851834 0 0 2 2 0
0.851167 6.80062e-32 6.80062e-32 2 2 0
0.850501 2.99104e-34 2.99104e-34 2 2 0
0.849834 -1.09476e-47 -1.09476e-47 2 2 0
0.849167 -8.42455e-48 -8.42455e-48 2 2 0
0.848501 -6.31098e-50 -6.31098e-50 2 2 0
0.847834 -2.43087e-63 -2.43087e-63 2 2 0
0.847168 9.49557e-66 9.49557e-66 2 2 0
0.846501 -1.84192e-33 -1.84192e-33 2 2 0
0.845834 -3.71154e-32 -3.71154e-32 2 2 0
0.845168 0 0 2 2 0
0.844501 0 0 2 2 0
0.843834 6.55383e-63 6.55383e-63 2 2 0
0.843168 1.82362e-33 1.82362e-33 2 2 0
0.842501 6.84228e-49 6.84228e-49 2 2 0
0.841835 -3.42114e-49 -3.42114e-49 2 2 0
0.841168 -5.10876e-49 -5.10876e-49 2 2 0
0.840501 1.80978e-33 1.80978e-33 2 2 0
0.839835 -1.80642e-33 -1.80642e-33 2 2 0
0.839168 1.36846e-48 1.36846e-48 2 2 0
0.838502 -6.84228e-49 -6.84228e-49 2 2 0
0.837835 9.2221e-60 9.2221e-60 2 2 0
0.837168 3.26171e-32 3.26171e-32 2 2 0
0.836502 3.08824e-32 3.08824e-32 2 2 0
0.835835 -5.47382e-48 -5.47382e-48 2 2 0
0.835169 -5.47382e-48 -5.47382e-48 2 2 0
0.834502 1.21543e-63 1.21543e-63 2 2 0
0.833835 0 0 2 2 0
0.833169 -7.05101e-64 -7.05101e-64 2 2 0
0.832502 1.45761e-63 1.45761e-63 2 2 0
0.831836 0 0 2 2 0
0.831169 0 0 2 2 0
0.830502 1.76334e-33 1.76334e-33 2 2 0
0.829836 0 0 2 2 0
0.829169 -3.19723e-32 -3.19723e-32 2 2 0
0.828503 1.09476e-47 1.09476e-47 2 2 0
0.827836 5.47382e-48 5.47382e-48 2 2 0
0.827169 -1.98091e-50 -1.98091e-50 2 2 0
0.826503 -1.21543e-63 -1.21543e-63 2 2 0
0.825836 -2.86766e-63 -2.86766e-63 2 2 0
0.825169 9.03126e-50 9.03126e-50 2 2 0
0.824503 -8.37554e-50 -8.37554e-50 2 2 0
0.823836 -2.57824e-49 -2.57824e-49 2 2 0
0.82317 -1.74318e-33 -1.74318e-33 2 2 0
0.822503 -4.78959e-48 -4.78959e-48 2 2 0
0.821836 3.42114e-49 3.42114e-49 2 2 0
0.82117 5.47382e-48 5.47382e-48 2 2 0
0.820503 -1.9749e-47 -1.9749e-47 2 2 0
0.819837 4.90686e-48 4.90686e-48 2 2 0
0.81917 4.86173e-63 4.86173e-63 2 2 0
0.818503 -2.2271e-49 -2.2271e-49 2 2 0
0.817837 -1.87951e-49 -1.87951e-49 2 2 0
0.81717 9.49557e-65 9.49557e-65 2 2 0
0.816504 5.39416e-49 5.39416e-49 2 2 0
0.815837 4.15278e-50 4.15278e-50 2 2 0
0.81517 -4.5636e-49 -4.5636e-49 2 2 0
0.814504 -9.54248e-49 -9.54248e-49 2 2 0
0.813837 -1.76528e-47 -1.76528e-47 2 2 0
0.813171 -1.69883e-33 -1.69883e-33 2 2 0
0.812504 1.36846e-48 1.36846e-48 2 2 0
0.811837 0 0 2 2 0
0.811171 -1.69241e-33 -1.69241e-33 2 2 0
0.810504 0 0 2 2 0
0.809837 6.84228e-49 6.84228e-49 2 2 0
0.809171 -1.67904e-33 -1.67904e-33 2 2 0
0.808504 -6.84228e-49 -6.84228e-49 2 2 0
0.807838 0 0 2 2 0
0.807171 7.59645e-65 7.59645e-65 2 2 0
0.806504 -6.90435e-66 -6.90435e-66 2 2 0
0.805838 8.07033e-65 8.07033e-65 2 2 0
0.805171 -3.3735e-80 -3.3735e-80 2 2 0
0.804505 -4.91418e-49 -4.91418e-49 2 2 0
0.803838 -1.39619e-49 -1.39619e-49 2 2 0
0.803171 2.1218e-49 2.1218e-49 2 2 0
0.802505 -5.78102e-52 -5.78102e-52 2 2 0
0.801838 -2.13337e-49 -2.13337e-49 2 2 0
0.801172 -7.35961e-52 -7.35961e-52 2 2 0
0.800505 2.2339e-51 2.2339e-51 2 2 0
0.799838 -1.65928e-33 -1.65928e-33 2 2 0
0.799172 -6.84228e-49 -6.84228e-49 2 2 0
0.798505 3.42114e-49 3.42114e-49 2 2 0
0.797839 9.4846e-51 9.4846e-51 2 2 0
0.797172 -1.03824e-50 -1.03824e-50 2 2 0
0.796505 1.65047e-33 1.65047e-33 2 2 0
0.795839 0 0 2 2 0
0.795172 -5.99076e-32 -5.99076e-32 2 2 0
0.794506 0 0 2 2 0
0.793839 -2.97753e-32 -2.97753e-32 2 2 0
0.793172 1.64202e-33 1.64202e-33 2 2 0
0.792506 0 0 2 2 0
0.791839 -1.63874e-33 -1.63874e-33 2 2 0
0.791172 0 0 2 2 0
0.790506 1.63552e-33 1.63552e-33 2 2 0
0.789839 0 0 2 2 0
0.789173 1.63235e-33 1.63235e-33 2 2 0
0.788506 0 0 2 2 0
0.787839 -3.42114e-49 -3.42114e-49 2 2 0
0.787173 -6.84228e-49 -6.84228e-49 2 2 0
0.786506 7.81986e-49 7.81986e-49 2 2 0
0.78584 -9.02543e-33 -9.02543e-33 2 2 0
0.785173 -2.73691e-48 -2.73691e-48 2 2 0
0.784506 9.02543e-33 9.02543e-33 2 2 0
0.78384 -5.47382e-48 -5.47382e-48 2 2 0
0.783173 -5.72627e-33 -5.72627e-33 2 2 0
0.782507 2.73691e-48 2.73691e-48 2 2 0
0.78184 4.2752e-36 4.2752e-36 2 2 0
0.781173 -7.81784e-49 -7.81784e-49 2 2 0
0.780507 -5.7059e-33 -5.7059e-33 2 2 0
0.77984 1.36846e-48 1.36846e-48 2 2 0
0.779174 3.49901e-32 3.49901e-32 2 2 0
0.778507 1.09476e-47 1.09476e-47 2 2 0
0.77784 2.34776e-32 2.34776e-32 2 2 0
0.777174 -5.47382e-48 -5.47382e-48 2 2 0
0.776507 0 0 2 2 0
0.775841 4.88936e-49 4.88936e-49 2 2 0
0.775174 -3.48028e-32 -3.48028e-32 2 2 0
0.774507 1.09476e-47 1.09476e-47 2 2 0
0.773841 1.13788e-32 1.13788e-32 2 2 0
0.773174 0 0 2 2 0
0.772507 4.10475e-32 4.10475e-32 2 2 0
0.771841 0 0 2 2 0
0.771174 -1.20541e-32 -1.20541e-32 2 2 0
0.770508 2.73691e-48 2.73691e-48 2 2 0
0.769841 1.20541e-32 1.20541e-32 2 2 0
0.769174 0 0 2 2 0
0.768508 1.36846e-48 1.36846e-48 2 2 0
0.767841 -9.59302e-49 -9.59302e-49 2 2 0
0.767175 3.17245e-49 3.17245e-49 2 2 0
0.766508 -1.12073e-48 -1.12073e-48 2 2 0
0.765841 -2.55871e-48 -2.55871e-48 2 2 0
0.765175 -4.83914e-49 -4.83914e-49 2 2 0
0.764508 -1.64636e-49 -1.64636e-49 2 2 0
0.763842 1.54642e-49 1.54642e-49 2 2 0
0.763175 -1.73317e-47 -1.73317e-47 2 2 0
0.762508 -5.58892e-33 -5.58892e-33 2 2 0
0.761842 1.36846e-48 1.36846e-48 2 2 0
0.761175 0 0 2 2 0
0.760509 7.21902e-49 7.21902e-49 2 2 0
0.759842 -3.41912e-32 -3.41912e-32 2 2 0
0.759175 1.09476e-47 1.09476e-47 2 2 0
0.758509 -5.47382e-48 -5.47382e-48 2 2 0
0.757842 -2.18953e-47 -2.18953e-47 2 2 0
0.757176 -8.04317e-50 -8.04317e-50 2 2 0
0.756509 5.55375e-33 5.55375e-33 2 2 0
0.755842 -1.36846e-48 -1.36846e-48 2 2 0
0.755176 -6.84228e-49 -6.84228e-49 2 2 0
0.754509 -2.84637e-32 -2.84637e-32 2 2 0
0.753842 0 0 2 2 0
0.753176 5.47382e-48 5.47382e-48 2 2 0
0.752509 2.9618e-49 2.9618e-49 2 2 0
0.751843 -3.46842e-49 -3.46842e-49 2 2 0
0.751176 -9.89864e-49 -9.89864e-49 2 2 0
0.750509 6.11171e-49 6.11171e-49 2 2 0
0.749843 -5.51059e-33 -5.51059e-33 2 2 0
0.749176 -3.38219e-32 -3.38219e-32 2 2 0
0.74851 0 0 2 2 0
0.747843 5.4999e-33 5.4999e-33 2 2 0
0.747176 0 0 2 2 0
0.74651 6.84228e-49 6.84228e-49 2 2 0
0.745843 2.27339e-32 2.27339e-32 2 2 0
0.745177 0 0 2 2 0
0.74451 0 0 2 2 0
0.743843 -5.47915e-33 -5.47915e-33 2 2 0
0.743177 1.36846e-48 1.36846e-48 2 2 0
0.74251 5.47915e-33 5.47915e-33 2 2 0
0.741844 5.46907e-33 5.46907e-33 2 2 0
0.741177 0 0 2 2 0
0.74051 -5.46907e-33 -5.46907e-33 2 2 0
0.739844 -1.36846e-48 -1.36846e-48 2 2 0
0.739177 0 0 2 2 0
0.73851 -2.80335e-32 -2.80335e-32 2 2 0
0.737844 0 0 2 2 0
0.737177 0 0 2 2 0
0.736511 5.59684e-32 5.59684e-32 2 2 0
0.735844 6.48679e-35 6.48679e-35 2 2 0
0.735177 0 0 2 2 0
0.734511 1.28293e-49 1.28293e-49 2 2 0
0.733844 2.56585e-49 2.56585e-49 2 2 0
0.733178 9.87539e-64 9.87539e-64 2 2 0
0.732511 -3.03858e-64 -3.03858e-64 2 2 0
0.731844 -5.03161e-32 -5.03161e-32 2 2 0
0.731178 2.47255e-32 2.47255e-32 2 2 0
0.730511 -2.18953e-47 -2.18953e-47 2 2 0
0.729845 -1.08122e-32 -1.08122e-32 2 2 0
0.729178 -7.71886e-33 -7.71886e-33 2 2 0
0.728511 6.84228e-49 6.84228e-49 2 2 0
0.727845 6.84228e-48 6.84228e-48 2 2 0
0.727178 -1.92849e-32 -1.92849e-32 2 2 0
0.726512 5.39776e-33 5.39776e-33 2 2 0
0.725845 0 0 2 2 0
0.725178 6.84228e-49 6.84228e-49 2 2 0
0.724512 -3.03858e-64 -3.03858e-64 2 2 0
0.723845 -1.51929e-64 -1.51929e-64 2 2 0
0.723179 6.55896e-65 6.55896e-65 2 2 0
0.722512 -5.53271e-32 -5.53271e-32 2 2 0
0.721845 2.18953e-47 2.18953e-47 2 2 0
0.721179 0 0 2 2 0
0.720512 -2.61894e-49 -2.61894e-49 2 2 0
0.719845 -5.23788e-49 -5.23788e-49 2 2 0
0.719179 -7.85682e-49 -7.85682e-49 2 2 0
0.718512 -3.7378e-48 -3.7378e-48 2 2 0
0.717846 -2.28057e-48 -2.28057e-48 2 2 0
0.717179 -1.21543e-63 -1.21543e-63 2 2 0
0.716512 2.28057e-48 2.28057e-48 2 2 0
0.715846 4.56114e-48 4.56114e-48 2 2 0
0.715179 -6.62203e-49 -6.62203e-49 2 2 0
0.714513 1.32841e-50 1.32841e-50 2 2 0
0.713846 6.88771e-49 6.88771e-49 2 2 0
0.713179 5.34324e-33 5.34324e-33 2 2 0
0.712513 -1.36846e-48 -1.36846e-48 2 2 0
0.711846 0 0 2 2 0
0.71118 0 0 2 2 0
0.710513 0 0 2 2 0
0.709846 -2.74055e-32 -2.74055e-32 2 2 0
0.70918 1.09476e-47 1.09476e-47 2 2 0
0.708513 -5.47382e-48 -5.47382e-48 2 2 0
0.707847 9.72346e-63 9.72346e-63 2 2 0
0.70718 -2.43087e-63 -2.43087e-63 2 2 0
0.706513 -1.45852e-62 -1.45852e-62 2 2 0
0.705847 -2.67395e-62 -2.67395e-62 2 2 0
0.70518 -7.77464e-49 -7.77464e-49 2 2 0
0.704514 5.42765e-49 5.42765e-49 2 2 0
0.703847 3.03858e-64 3.03858e-64 2 2 0
0.70318 4.92479e-32 4.92479e-32 2 2 0
0.702514 0 0 2 2 0
0.701847 -4.92479e-32 -4.92479e-32 2 2 0
0.70118 -1.09476e-47 -1.09476e-47 2 2 0
0.700514 5.47382e-48 5.47382e-48 2 2 0
0.699847 0 0 2 2 0
0.699181 5.44168e-32 5.44168e-32 2 2 0
0.698514 -2.71496e-32 -2.71496e-32 2 2 0
0.697847 2.3782e-35 2.3782e-35 2 2 0
0.697181 -5.47382e-48 -5.47382e-48 2 2 0
0.696514 2.94004e-50 2.94004e-50 2 2 0
0.695848 0 0 2 2 0
0.695181 0 0 2 2 0
0.694514 0 0 2 2 0
0.693848 4.63838e-81 4.63838e-81 2 2 0
0.693181 2.71047e-32 2.71047e-32 2 2 0
0.692515 -1.87959e-32 -1.87959e-32 2 2 0
0.691848 -1.09476e-47 -1.09476e-47 2 2 0
0.691181 -2.73691e-48 -2.73691e-48 2 2 0
0.690515 -1.21543e-63 -1.21543e-63 2 2 0
0.689848 -6.07716e-64 -6.07716e-64 2 2 0
0.689182 7.92133e-80 7.92133e-80 2 2 0
0.688515 6.07716e-64 6.07716e-64 2 2 0
0.687848 0 0 2 2 0
0.687182 7.49559e-49 7.49559e-49 2 2 0
0.686515 -1.49793e-48 -1.49793e-48 2 2 0
0.685849 1.12286e-48 1.12286e-48 2 2 0
0.685182 3.74365e-48 3.74365e-48 2 2 0
0.684515 -2.6161e-48 -2.6161e-48 2 2 0
0.683849 5.24808e-33 5.24808e-33 2 2 0
0.683182 -2.73691e-48 -2.73691e-48 2 2 0
0.682515 -6.43406e-32 -6.43406e-32 2 2 0
0.681849 2.76072e-32 2.76072e-32 2 2 0
0.681182 -2.18953e-47 -2.18953e-47 2 2 0
0.680516 5.47382e-48 5.47382e-48 2 2 0
0.679849 0 0 2 2 0
0.679182 -6.07716e-64 -6.07716e-64 2 2 0
0.678516 0 0 2 2 0
0.677849 6.74701e-80 6.74701e-80 2 2 0
0.677183 0 0 2 2 0
0.676516 1.49814e-95 1.49814e-95 2 2 0
0.675849 0 0 2 2 0
0.675183 0 0 2 2 0
0.674516 2.04758e-127 2.04758e-127 2 2 0
0.67385 -2.69492e-127 -2.69492e-127 2 2 0
0.673183 -1.64011e-142 -1.64011e-142 2 2 0
0.672516 -4.10027e-143 -4.10027e-143 2 2 0
0.67185 -1.82088e-158 -1.82088e-158 2 2 0
0.671183 4.55221e-159 4.55221e-159 2 2 0
0.670517 0 0 2 2 0
0.66985 0 0 2 2 0
0.669183 -3.67769e-191 -3.67769e-191 2 2 0
0.668517 2.37512e-191 2.37512e-191 2 2 0
0.66785 -2.4918e-206 -2.4918e-206 2 2 0
0.667183 -3.11475e-207 -3.11475e-207 2 2 0
0.666517 -2.76645e-222 -2.76645e-222 2 2 0
0.66585 -3.45807e-223 -3.45807e-223 2 2 0
0.665184 3.07138e-238 3.07138e-238 2 2 0
0.664517 0 0 2 2 0
0.66385 0 0 2 2 0
0.663184 -2.90496e-255 -2.90496e-255 2 2 0
0.662517 0 0 2 2 0
0.661851 0 0 2 2 0
0.661184 2.31623e-286 2.31623e-286 2 2 0
0.660517 4.84547e-288 4.84547e-288 2 2 0
0.659851 0 0 2 2 0
0.659184 0 0 2 2 0
0.658518 1.93322e-318 1.93322e-318 2 2 0
0.657851 -3.16202e-321 -3.16202e-321 2 2 0
0.657184 -9.88131e-324 -9.88131e-324 2 2 0
0.656518 -9.88131e-324 -9.88131e-324 2 2 0
0.655851 -9.88131e-324 -9.88131e-324 2 2 0
0.655185 -9.88131e-324 -9.88131e-324 2 2 0
0.654518 -9.88131e-324 -9.88131e-324 2 2 0
0.653851 -9.88131e-324 -9.88131e-324 2 2 0
0.653185 -9.88131e-324 -9.88131e-324 2 2 0
0.652518 -9.88131e-324 -9.88131e-324 2 2 0
0.651852 -9.88131e-324 -9.88131e-324 2 2 0
0.651185 -9.88131e-324 -9.88131e-324 2 2 0
0.650518 -9.88131e-324 -9.88131e-324 2 2 0
0.649852 -9.88131e-324 -9.88131e-324 2 2 0
0.649185 -9.88131e-324 -9.88131e-324 2 2 0
0.648518 5.15255e-33 5.15255e-33 2 2 0
0.647852 4.19033e-32 4.19033e-32 2 2 0
0.647185 2.57625e-32 2.57625e-32 2 2 0
0.646519 9.62166e-33 9.62166e-33 2 2 0
0.645852 0 0 2 2 0
0.645185 -9.62166e-33 -9.62166e-33 2 2 0
0.644519 3.3584e-32 3.3584e-32 2 2 0
0.643852 0 0 2 2 0
0.643186 -1.09476e-47 -1.09476e-47 2 2 0
0.642519 9.72346e-63 9.72346e-63 2 2 0
0.641852 -2.43087e-63 -2.43087e-63 2 2 0
0.641186 -2.15904e-78 -2.15904e-78 2 2 0
0.640519 0 0 2 2 0
0.639853 2.39702e-94 2.39702e-94 2 2 0
0.639186 1.4323e-96 1.4323e-96 2 2 0
0.638519 0 0 2 2 0
0.637853 -1.03954e-111 -1.03954e-111 2 2 0
0.637186 -2.07908e-111 -2.07908e-111 2 2 0
0.63652 5.11212e-33 5.11212e-33 2 2 0
0.635853 1.53506e-32 1.53506e-32 2 2 0
0.635186 -5.84487e-33 -5.84487e-33 2 2 0
0.63452 2.55556e-32 2.55556e-32 2 2 0
0.633853 -4.3085e-32 -4.3085e-32 2 2 0
0.633187 0 0 2 2 0
0.63252 5.47382e-48 5.47382e-48 2 2 0
0.631853 1.21543e-63 1.21543e-63 2 2 0
0.631187 0 0 2 2 0
0.63052 -1.3494e-79 -1.3494e-79 2 2 0
0.629853 -8.38182e-81 -8.38182e-81 2 2 0
0.629187 1.49814e-95 1.49814e-95 2 2 0
0.62852 5.1023e-33 5.1023e-33 2 2 0
0.627854 1.02046e-32 1.02046e-32 2 2 0
0.627187 -1.09108e-32 -1.09108e-32 2 2 0
0.62652 -1.64215e-47 -1.64215e-47 2 2 0
0.625854 1.09108e-32 1.09108e-32 2 2 0
0.625187 -1.09476e-47 -1.09476e-47 2 2 0
0.624521 -1.36846e-48 -1.36846e-48 2 2 0
0.623854 0 0 2 2 0
0.623187 1.51929e-64 1.51929e-64 2 2 0
0.622521 1.3494e-79 1.3494e-79 2 2 0
0.621854 -2.10668e-32 -2.10668e-32 2 2 0
0.621188 -4.72202e-32 -4.72202e-32 2 2 0
0.620521 0 0 2 2 0
0.619854 2.10792e-32 2.10792e-32 2 2 0
0.619188 -1.01099e-32 -1.01099e-32 2 2 0
0.618521 -5.47382e-48 -5.47382e-48 2 2 0
0.617855 0 0 2 2 0
0.617188 6.07716e-64 6.07716e-64 2 2 0
0.616521 0 0 2 2 0
0.615855 0 0 2 2 0
0.615188 0 0 2 2 0
0.614522 1.15851e-47 1.15851e-47 2 2 0
0.613855 2.10018e-32 2.10018e-32 2 2 0
0.613188 1.59295e-32 1.59295e-32 2 2 0
0.612522 0 0 2 2 0
0.611855 -2.73691e-48 -2.73691e-48 2 2 0
0.611188 -1.21543e-63 -1.21543e-63 2 2 0
0.610522 3.03858e-64 3.03858e-64 2 2 0
0.609855 2.60417e-32 2.60417e-32 2 2 0
0.609189 0 0 2 2 0
0.608522 -5.0815e-33 -5.0815e-33 2 2 0
0.607855 -1.0163e-32 -1.0163e-32 2 2 0
0.607189 -8.21073e-48 -8.21073e-48 2 2 0
0.606522 -1.36846e-48 -1.36846e-48 2 2 0
0.605856 -1.21543e-63 -1.21543e-63 2 2 0
0.605189 0 0 2 2 0
0.604522 2.59911e-32 2.59911e-32 2 2 0
0.603856 -5.03554e-33 -5.03554e-33 2 2 0
0.603189 -1.00835e-32 -1.00835e-32 2 2 0
0.602523 -5.47382e-48 -5.47382e-48 2 2 0
0.601856 1.36846e-48 1.36846e-48 2 2 0
0.601189 -1.21543e-63 -1.21543e-63 2 2 0
0.600523 5.05365e-33 5.05365e-33 2 2 0
0.599856 4.11021e-32 4.11021e-32 2 2 0
0.59919 -5.04589e-33 -5.04589e-33 2 2 0
0.598523 0 0 2 2 0
0.597856 0 0 2 2 0
0.59719 1.64769e-65 1.64769e-65 2 2 0
0.596523 4.77422e-66 4.77422e-66 2 2 0
0.595856 -1.05422e-81 -1.05422e-81 2 2 0
0.59519 5.0446e-33 5.0446e-33 2 2 0
0.594523 1.00892e-32 1.00892e-32 2 2 0
0.593857 0 0 2 2 0
0.59319 0 0 2 2 0
0.592523 5.26329e-82 5.26329e-82 2 2 0
0.591857 -5.39478e-83 -5.39478e-83 2 2 0
0.59119 -6.34225e-82 -6.34225e-82 2 2 0
0.590524 -1.2145e-81 -1.2145e-81 2 2 0
0.589857 -3.53634e-81 -3.53634e-81 2 2 0
0.58919 4.29202e-81 4.29202e-81 2 2 0
0.588524 1.87267e-96 1.87267e-96 2 2 0
0.587857 9.36335e-97 9.36335e-97 2 2 0
0.587191 2.58369e-32 2.58369e-32 2 2 0
0.586524 0 0 2 2 0
0.585857 0 0 2 2 0
0.585191 -2.45461e-64 -2.45461e-64 2 2 0
0.584524 -5.16288e-32 -5.16288e-32 2 2 0
0.583858 -2.22291e-35 -2.22291e-35 2 2 0
0.583191 -5.02429e-33 -5.02429e-33 2 2 0
0.582524 6.84228e-48 6.84228e-48 2 2 0
0.581858 0 0 2 2 0
0.581191 -3.08024e-32 -3.08024e-32 2 2 0
0.580525 -5.01464e-33 -5.01464e-33 2 2 0
0.579858 -5.00278e-33 -5.00278e-33 2 2 0
0.579191 6.84228e-49 6.84228e-49 2 2 0
0.578525 -6.84228e-49 -6.84228e-49 2 2 0
0.577858 -2.05268e-48 -2.05268e-48 2 2 0
0.577191 -3.42114e-48 -3.42114e-48 2 2 0
0.576525 5.00835e-33 5.00835e-33 2 2 0
0.575858 0 0 2 2 0
0.575192 0 0 2 2 0
0.574525 0 0 2 2 0
0.573858 -2.57279e-32 -2.57279e-32 2 2 0
0.573192 5.64379e-32 5.64379e-32 2 2 0
0.572525 -2.18953e-47 -2.18953e-47 2 2 0
0.571859 0 0 2 2 0
0.571192 2.18953e-47 2.18953e-47 2 2 0
0.570525 -4.35477e-32 -4.35477e-32 2 2 0
0.569859 0 0 2 2 0
0.569192 5.47382e-48 5.47382e-48 2 2 0
0.568526 -2.43087e-63 -2.43087e-63 2 2 0
0.567859 -1.21543e-63 -1.21543e-63 2 2 0
0.567192 7.84278e-33 7.84278e-33 2 2 0
0.566526 0 0 2 2 0
0.565859 0 0 2 2 0
0.565193 0 0 2 2 0
0.564526 0 0 2 2 0
0.563859 3.77914e-64 3.77914e-64 2 2 0
0.563193 -7.67986e-64 -7.67986e-64 2 2 0
0.562526 -7.83205e-33 -7.83205e-33 2 2 0
0.56186 -7.83054e-33 -7.83054e-33 2 2 0
0.561193 0 0 2 2 0
0.560526 0 0 2 2 0
0.55986 4.34118e-32 4.34118e-32 2 2 0
0.559193 3.55905e-32 3.55905e-32 2 2 0
0.558526 -1.64215e-47 -1.64215e-47 2 2 0
0.55786 -5.47382e-48 -5.47382e-48 2 2 0
0.557193 6.07716e-64 6.07716e-64 2 2 0
0.556527 0 0 2 2 0
0.55586 -2.92266e-64 -2.92266e-64 2 2 0
0.555193 -1.00014e-48 -1.00014e-48 2 2 0
0.554527 -8.15508e-50 -8.15508e-50 2 2 0
0.55386 -7.81767e-33 -7.81767e-33 2 2 0
0.553194 -1.36846e-47 -1.36846e-47 2 2 0
0.552527 6.84228e-48 6.84228e-48 2 2 0
0.55186 2.5564e-32 2.5564e-32 2 2 0
0.551194 0 0 2 2 0
0.550527 0 0 2 2 0
0.549861 1.97379e-48 1.97379e-48 2 2 0
0.549194 3.94758e-48 3.94758e-48 2 2 0
0.548527 5.8878e-32 5.8878e-32 2 2 0
0.547861 2.18953e-47 2.18953e-47 2 2 0
0.547194 1.09476e-47 1.09476e-47 2 2 0
0.546528 -5.03429e-63 -5.03429e-63 2 2 0
0.545861 7.79578e-33 7.79578e-33 2 2 0
0.545194 -2.73691e-48 -2.73691e-48 2 2 0
0.544528 1.36846e-48 1.36846e-48 2 2 0
0.543861 5.47382e-48 5.47382e-48 2 2 0
0.543195 1.33596e-47 1.33596e-47 2 2 0
0.542528 -3.28786e-48 -3.28786e-48 2 2 0
0.541861 -1.99353e-47 -1.99353e-47 2 2 0
0.541195 1.01963e-31 1.01963e-31 2 2 0
0.540528 0 0 2 2 0
0.539861 0 0 2 2 0
0.539195 -7.78209e-33 -7.78209e-33 2 2 0
0.538528 0 0 2 2 0
0.537862 0 0 2 2 0
0.537195 5.09287e-32 5.09287e-32 2 2 0
0.536528 -1.0959e-31 -1.0959e-31 2 2 0
0.535862 -4.37906e-47 -4.37906e-47 2 2 0
0.535195 7.78509e-33 7.78509e-33 2 2 0
0.534529 0 0 2 2 0
0.533862 -1.36846e-48 -1.36846e-48 2 2 0
0.533195 2.89164e-49 2.89164e-49 2 2 0
0.532529 1.94678e-48 1.94678e-48 2 2 0
0.531862 0 0 2 2 0
0.531196 0 0 2 2 0
0.530529 0 0 2 2 0
0.529862 0 0 2 2 0
0.529196 -3.54417e-48 -3.54417e-48 2 2 0
0.528529 -7.08834e-48 -7.08834e-48 2 2 0
0.527863 7.76459e-33 7.76459e-33 2 2 0
0.527196 0 0 2 2 0
0.526529 3.52617e-32 3.52617e-32 2 2 0
0.525863 1.97391e-32 1.97391e-32 2 2 0
0.525196 3.42114e-48 3.42114e-48 2 2 0
0.524529 0 0 2 2 0
0.523863 -7.75223e-33 -7.75223e-33 2 2 0
0.523196 0 0 2 2 0
0.52253 1.36846e-48 1.36846e-48 2 2 0
0.521863 2.73691e-48 2.73691e-48 2 2 0
0.521196 0 0 2 2 0
0.52053 0 0 2 2 0
0.519863 0 0 2 2 0
0.519197 -3.76342e-80 -3.76342e-80 2 2 0
0.51853 1.28849e-80 1.28849e-80 2 2 0
0.517863 7.74112e-33 7.74112e-33 2 2 0
0.517197 0 0 2 2 0
0.51653 -1.36846e-48 -1.36846e-48 2 2 0
0.515864 -2.73691e-48 -2.73691e-48 2 2 0
0.515197 0 0 2 2 0
0.51453 3.03858e-64 3.03858e-64 2 2 0
0.513864 7.73916e-33 7.73916e-33 2 2 0
0.513197 -2.73691e-48 -2.73691e-48 2 2 0
0.512531 -7.7315e-33 -7.7315e-33 2 2 0
0.511864 0 0 2 2 0
0.511197 0 0 2 2 0
0.510531 -5.83246e-32 -5.83246e-32 2 2 0
0.509864 3.51295e-32 3.51295e-32 2 2 0
0.509198 0 0 2 2 0
0.508531 1.54481e-32 1.54481e-32 2 2 0
0.507864 5.47382e-48 5.47382e-48 2 2 0
0.507198 2.73691e-48 2.73691e-48 2 2 0
0.506531 -7.72096e-33 -7.72096e-33 2 2 0
0.505864 2.73691e-48 2.73691e-48 2 2 0
0.505198 0 0 2 2 0
0.504531 -5.82414e-32 -5.82414e-32 2 2 0
0.503865 0 0 2 2 0
0.503198 -1.75345e-32 -1.75345e-32 2 2 0
0.502531 -9.81408e-33 -9.81408e-33 2 2 0
0.501865 2.73691e-48 2.73691e-48 2 2 0
0.501198 0 0 2 2 0
0.500532 3.84665e-49 3.84665e-49 2 2 0
0.499865 -4.40741e-49 -4.40741e-49 2 2 0
0.499198 -1.26615e-48 -1.26615e-48 2 2 0
0.498532 -1.21543e-63 -1.21543e-63 2 2 0
0.497865 1.26615e-48 1.26615e-48 2 2 0
0.497199 2.5323e-48 2.5323e-48 2 2 0
0.496532 -3.3328e-48 -3.3328e-48 2 2 0
0.495865 7.70209e-33 7.70209e-33 2 2 0
0.495199 -2.73691e-48 -2.73691e-48 2 2 0
0.494532 -7.70209e-33 -7.70209e-33 2 2 0
0.493866 0 0 2 2 0
0.493199 1.36846e-48 1.36846e-48 2 2 0
0.492532 2.73691e-48 2.73691e-48 2 2 0
0.491866 3.71518e-49 3.71518e-49 2 2 0
0.491199 8.03139e-49 8.03139e-49 2 2 0
0.490533 1.23476e-48 1.23476e-48 2 2 0
0.489866 -7.45728e-49 -7.45728e-49 2 2 0
0.489199 -5.80539e-32 -5.80539e-32 2 2 0
0.488533 0 0 2 2 0
0.487866 0 0 2 2 0
0.487199 0 0 2 2 0
0.486533 2.26141e-49 2.26141e-49 2 2 0
0.485866 4.52282e-49 4.52282e-49 2 2 0
0.4852 -3.20617e-49 -3.20617e-49 2 2 0
0.484533 6.522e-49 6.522e-49 2 2 0
0.483866 7.68528e-33 7.68528e-33 2 2 0
0.4832 0 0 2 2 0
0.482533 2.51426e-32 2.51426e-32 2 2 0
0.481867 -1.09476e-47 -1.09476e-47 2 2 0
0.4812 -2.51426e-32 -2.51426e-32 2 2 0
0.480533 -1.09476e-47 -1.09476e-47 2 2 0
0.479867 -5.47382e-48 -5.47382e-48 2 2 0
0.4792 7.68227e-33 7.68227e-33 2 2 0
0.478534 0 0 2 2 0
0.477867 4.25668e-32 4.25668e-32 2 2 0
0.4772 1.09476e-47 1.09476e-47 2 2 0
0.476534 7.66895e-33 7.66895e-33 2 2 0
0.475867 -2.73691e-48 -2.73691e-48 2 2 0
0.475201 2.89422e-36 2.89422e-36 2 2 0
0.474534 2.51137e-32 2.51137e-32 2 2 0
0.473867 -1.09476e-47 -1.09476e-47 2 2 0
0.473201 1.74202e-32 1.74202e-32 2 2 0
0.472534 0 0 2 2 0
0.471868 -5.22679e-32 -5.22679e-32 2 2 0
0.471201 -2.18953e-47 -2.18953e-47 2 2 0
0.470534 0 0 2 2 0
0.469868 1.30946e-49 1.30946e-49 2 2 0
0.469201 4.10027e-51 4.10027e-51 2 2 0
0.468534 -1.22745e-49 -1.22745e-49 2 2 0
0.467868 0 0 2 2 0
0.467201 -7.65988e-33 -7.65988e-33 2 2 0
0.466535 -2.73691e-48 -2.73691e-48 2 2 0
0.465868 1.25349e-32 1.25349e-32 2 2 0
0.465201 5.47382e-48 5.47382e-48 2 2 0
0.464535 1.25247e-32 1.25247e-32 2 2 0
0.463868 2.18953e-47 2.18953e-47 2 2 0
0.463202 -1.25247e-32 -1.25247e-32 2 2 0
0.462535 0 0 2 2 0
0.461868 2.01809e-32 2.01809e-32 2 2 0
0.461202 -9.72595e-33 -9.72595e-33 2 2 0
0.460535 0 0 2 2 0
0.459869 2.71103e-32 2.71103e-32 2 2 0
0.459202 0 0 2 2 0
0.458535 -2.07876e-33 -2.07876e-33 2 2 0
0.457869 0 0 2 2 0
0.457202 2.07876e-33 2.07876e-33 2 2 0
0.456536 6.84228e-49 6.84228e-49 2 2 0
0.455869 -3.42114e-49 -3.42114e-49 2 2 0
0.455202 -1.97578e-50 -1.97578e-50 2 2 0
0.454536 -1.73674e-32 -1.73674e-32 2 2 0
0.453869 -1.09476e-47 -1.09476e-47 2 2 0
0.453202 -7.6384e-33 -7.6384e-33 2 2 0
0.452536 0 0 2 2 0
0.451869 -2.49964e-32 -2.49964e-32 2 2 0
0.451203 0 0 2 2 0
0.450536 -7.63734e-33 -7.63734e-33 2 2 0
0.449869 2.73691e-48 2.73691e-48 2 2 0
0.449203 7.63552e-33 7.63552e-33 2 2 0
0.448536 -2.73691e-48 -2.73691e-48 2 2 0
0.44787 -1.52624e-32 -1.52624e-32 2 2 0
0.447203 -2.18953e-47 -2.18953e-47 2 2 0
0.446536 -2.73691e-48 -2.73691e-48 2 2 0
0.44587 -2.23916e-48 -2.23916e-48 2 2 0
0.445203 -1.74141e-48 -1.74141e-48 2 2 0
0.444537 -1.99047e-48 -1.99047e-48 2 2 0
0.44387 -2.23953e-48 -2.23953e-48 2 2 0
0.443203 1.0282e-48 1.0282e-48 2 2 0
0.442537 -2.49599e-32 -2.49599e-32 2 2 0
0.44187 1.09476e-47 1.09476e-47 2 2 0
0.441204 1.09476e-47 1.09476e-47 2 2 0
0.440537 7.01032e-49 7.01032e-49 2 2 0
0.43987 -7.62169e-33 -7.62169e-33 2 2 0
0.439204 2.73691e-48 2.73691e-48 2 2 0
0.438537 7.62169e-33 7.62169e-33 2 2 0
0.437871 -2.73691e-48 -2.73691e-48 2 2 0
0.437204 4.84679e-33 4.84679e-33 2 2 0
0.436537 -2.73691e-48 -2.73691e-48 2 2 0
0.435871 -4.84679e-33 -4.84679e-33 2 2 0
0.435204 0 0 2 2 0
0.434537 -1.36846e-48 -1.36846e-48 2 2 0
0.433871 2.93404e-49 2.93404e-49 2 2 0
0.433204 -7.61442e-33 -7.61442e-33 2 2 0
0.432538 0 0 2 2 0
0.431871 -4.84286e-33 -4.84286e-33 2 2 0
0.431204 -4.8404e-33 -4.8404e-33 2 2 0
0.430538 0 0 2 2 0
0.429871 2.97467e-32 2.97467e-32 2 2 0
0.429205 0 0 2 2 0
0.428538 -1.09476e-47 -1.09476e-47 2 2 0
0.427871 5.98676e-49 5.98676e-49 2 2 0
0.427205 1.2145e-47 1.2145e-47 2 2 0
0.426538 -1.78917e-49 -1.78917e-49 2 2 0
0.425872 -2.48899e-32 -2.48899e-32 2 2 0
0.425205 0 0 2 2 0
0.424538 0 0 2 2 0
0.423872 -1.89223e-48 -1.89223e-48 2 2 0
0.423205 -7.56627e-50 -7.56627e-50 2 2 0
0.422539 -3.03858e-64 -3.03858e-64 2 2 0
0.421872 -1.42434e-64 -1.42434e-64 2 2 0
0.421205 1.89911e-65 1.89911e-65 2 2 0
0.420539 -1.96545e-65 -1.96545e-65 2 2 0
0.419872 -5.83002e-65 -5.83002e-65 2 2 0
0.419206 2.27925e-48 2.27925e-48 2 2 0
0.418539 -1.24302e-32 -1.24302e-32 2 2 0
0.417872 -4.83754e-33 -4.83754e-33 2 2 0
0.417206 -3.42114e-48 -3.42114e-48 2 2 0
0.416539 1.72638e-32 1.72638e-32 2 2 0
0.415872 0 0 2 2 0
0.415206 -9.6629e-33 -9.6629e-33 2 2 0
0.414539 5.47382e-48 5.47382e-48 2 2 0
0.413873 9.6629e-33 9.6629e-33 2 2 0
0.413206 -2.73691e-48 -2.73691e-48 2 2 0
0.412539 0 0 2 2 0
0.411873 7.58449e-33 7.58449e-33 2 2 0
0.411206 -2.73691e-48 -2.73691e-48 2 2 0
0.41054 4.83016e-33 4.83016e-33 2 2 0
0.409873 8.21073e-48 8.21073e-48 2 2 0
0.409206 -4.83016e-33 -4.83016e-33 2 2 0
0.40854 5.47382e-48 5.47382e-48 2 2 0
0.407873 0 0 2 2 0
0.407207 -5.47382e-48 -5.47382e-48 2 2 0
0.40654 5.64047e-49 5.64047e-49 2 2 0
0.405873 1.24058e-32 1.24058e-32 2 2 0
0.405207 2.5121e-36 2.5121e-36 2 2 0
0.40454 0 0 2 2 0
0.403874 -2.48065e-32 -2.48065e-32 2 2 0
0.403207 0 0 2 2 0
0.40254 7.57485e-33 7.57485e-33 2 2 0
0.401874 -2.07168e-33 -2.07168e-33 2 2 0
0.401207 -1.36846e-48 -1.36846e-48 2 2 0
0.400541 2.07168e-33 2.07168e-33 2 2 0
0.399874 2.05268e-48 2.05268e-48 2 2 0
0.399207 -1.4465e-32 -1.4465e-32 2 2 0
0.398541 7.57291e-33 7.57291e-33 2 2 0
0.397874 0 0 2 2 0
0.397207 1.36846e-48 1.36846e-48 2 2 0
0.396541 -1.76413e-48 -1.76413e-48 2 2 0
0.395874 1.99535e-32 1.99535e-32 2 2 0
0.395208 1.5135e-32 1.5135e-32 2 2 0
0.394541 2.73691e-48 2.73691e-48 2 2 0
0.393874 -1.5135e-32 -1.5135e-32 2 2 0
0.393208 0 0 2 2 0
0.392541 2.73691e-48 2.73691e-48 2 2 0
0.391875 1.238e-32 1.238e-32 2 2 0
0.391208 0 0 2 2 0
0.390541 1.99357e-32 1.99357e-32 2 2 0
0.389875 2.74205e-33 2.74205e-33 2 2 0
0.389208 -2.73691e-48 -2.73691e-48 2 2 0
0.388542 -2.74205e-33 -2.74205e-33 2 2 0
0.387875 6.84228e-48 6.84228e-48 2 2 0
0.387208 -4.44748e-48 -4.44748e-48 2 2 0
0.386542 2.43087e-63 2.43087e-63 2 2 0
0.385875 -6.07716e-64 -6.07716e-64 2 2 0
0.385209 2.10685e-64 2.10685e-64 2 2 0
0.384542 1.2367e-32 1.2367e-32 2 2 0
0.383875 0 0 2 2 0
0.383209 -2.73691e-48 -2.73691e-48 2 2 0
0.382542 1.6704e-50 1.6704e-50 2 2 0
0.381875 8.04042e-49 8.04042e-49 2 2 0
0.381209 -3.22746e-32 -3.22746e-32 2 2 0
0.380542 7.55077e-33 7.55077e-33 2 2 0
0.379876 0 0 2 2 0
0.379209 4.80705e-33 4.80705e-33 2 2 0
0.378542 4.10537e-48 4.10537e-48 2 2 0
0.377876 -2.05268e-48 -2.05268e-48 2 2 0
0.377209 -4.18623e-32 -4.18623e-32 2 2 0
0.376543 0 0 2 2 0
0.375876 0 0 2 2 0
0.375209 1.71524e-32 1.71524e-32 2 2 0
0.374543 0 0 2 2 0
0.373876 0 0 2 2 0
0.37321 1.71477e-32 1.71477e-32 2 2 0
0.372543 5.47382e-48 5.47382e-48 2 2 0
0.371876 -2.73691e-48 -2.73691e-48 2 2 0
0.37121 4.79713e-33 4.79713e-33 2 2 0
0.370543 -1.36846e-48 -1.36846e-48 2 2 0
0.369877 0 0 2 2 0
0.36921 2.46819e-32 2.46819e-32 2 2 0
0.368543 -1.09476e-47 -1.09476e-47 2 2 0
0.367877 0 0 2 2 0
0.36721 -7.53795e-33 -7.53795e-33 2 2 0
0.366544 -2.73934e-33 -2.73934e-33 2 2 0
0.365877 0 0 2 2 0
0.36521 2.73934e-33 2.73934e-33 2 2 0
0.364544 3.76805e-32 3.76805e-32 2 2 0
0.363877 -1.09476e-47 -1.09476e-47 2 2 0
0.36321 -6.87079e-34 -6.87079e-34 2 2 0
0.362544 -7.53241e-33 -7.53241e-33 2 2 0
0.361877 -2.73691e-48 -2.73691e-48 2 2 0
0.361211 1.36846e-48 1.36846e-48 2 2 0
0.360544 -1.21543e-63 -1.21543e-63 2 2 0
0.359877 -5.03617e-48 -5.03617e-48 2 2 0
0.359211 2.70671e-48 2.70671e-48 2 2 0
0.358544 1.04496e-47 1.04496e-47 2 2 0
0.357878 -4.79132e-33 -4.79132e-33 2 2 0
0.357211 -1.36846e-48 -1.36846e-48 2 2 0
0.356544 -6.84228e-49 -6.84228e-49 2 2 0
0.355878 0 0 2 2 0
0.355211 -9.74687e-49 -9.74687e-49 2 2 0
0.354545 1.58642e-48 1.58642e-48 2 2 0
0.353878 7.52909e-33 7.52909e-33 2 2 0
0.353211 2.73691e-48 2.73691e-48 2 2 0
0.352545 0 0 2 2 0
0.351878 -2.73691e-48 -2.73691e-48 2 2 0
0.351212 -1.23121e-32 -1.23121e-32 2 2 0
0.350545 0 0 2 2 0
0.349878 1.36846e-48 1.36846e-48 2 2 0
0.349212 2.73691e-48 2.73691e-48 2 2 0
0.348545 6.07716e-64 6.07716e-64 2 2 0
0.347879 0 0 2 2 0
0.347212 0 0 2 2 0
0.346545 7.51779e-33 7.51779e-33 2 2 0
0.345879 0 0 2 2 0
0.345212 -1.36846e-48 -1.36846e-48 2 2 0
0.344545 -4.78587e-33 -4.78587e-33 2 2 0
0.343879 2.72902e-33 2.72902e-33 2 2 0
0.343212 1.36846e-48 1.36846e-48 2 2 0
0.342546 -6.84228e-49 -6.84228e-49 2 2 0
0.341879 -7.51267e-33 -7.51267e-33 2 2 0
0.341212 1.70842e-32 1.70842e-32 2 2 0
0.340546 -5.47382e-48 -5.47382e-48 2 2 0
0.339879 2.73691e-48 2.73691e-48 2 2 0
0.339213 1.09476e-47 1.09476e-47 2 2 0
0.338546 -7.50886e-33 -7.50886e-33 2 2 0
0.337879 0 0 2 2 0
0.337213 -2.73691e-48 -2.73691e-48 2 2 0
0.336546 -1.60781e-50 -1.60781e-50 2 2 0
0.33588 -1.05427e-48 -1.05427e-48 2 2 0
0.335213 -1.62103e-48 -1.62103e-48 2 2 0
0.334546 0 0 2 2 0
0.33388 -7.50538e-33 -7.50538e-33 2 2 0
0.333213 -2.72593e-33 -2.72593e-33 2 2 0
0.332547 3.42114e-49 3.42114e-49 2 2 0
0.33188 3.42114e-49 3.42114e-49 2 2 0
0.331213 3.42114e-49 3.42114e-49 2 2 0
0.330547 -8.3561e-64 -8.3561e-64 2 2 0
0.32988 9.11575e-64 9.11575e-64 2 2 0
0.329214 -5.19179e-64 -5.19179e-64 2 2 0
0.328547 -1.94993e-63 -1.94993e-63 2 2 0
0.32788 7.49934e-33 7.49934e-33 2 2 0
0.327214 0 0 2 2 0
0.326547 0 0 2 2 0
0.32588 -7.50015e-33 -7.50015e-33 2 2 0
0.325214 7.49769e-33 7.49769e-33 2 2 0
0.324547 2.73691e-48 2.73691e-48 2 2 0
0.323881 0 0 2 2 0
0.323214 -6.07716e-64 -6.07716e-64 2 2 0
0.322547 4.77339e-33 4.77339e-33 2 2 0
0.321881 -2.7217e-33 -2.7217e-33 2 2 0
0.321214 0 0 2 2 0
0.320548 0 0 2 2 0
0.319881 7.49372e-33 7.49372e-33 2 2 0
0.319214 -2.0463e-33 -2.0463e-33 2 2 0
0.318548 -1.36846e-48 -1.36846e-48 2 2 0
0.317881 0 0 2 2 0
0.317215 -5.42433e-49 -5.42433e-49 2 2 0
0.316548 -1.97506e-32 -1.97506e-32 2 2 0
0.315881 -1.4981e-32 -1.4981e-32 2 2 0
0.315215 2.04767e-33 2.04767e-33 2 2 0
0.314548 0 0 2 2 0
0.313882 -6.84228e-49 -6.84228e-49 2 2 0
0.313215 -4.7658e-33 -4.7658e-33 2 2 0
0.312548 -4.76237e-33 -4.76237e-33 2 2 0
0.311882 2.73112e-33 2.73112e-33 2 2 0
0.311215 2.73691e-48 2.73691e-48 2 2 0
0.310548 -3.42114e-49 -3.42114e-49 2 2 0
0.309882 -3.42114e-48 -3.42114e-48 2 2 0
0.309215 -7.4854e-33 -7.4854e-33 2 2 0
0.308549 2.73691e-48 2.73691e-48 2 2 0
0.307882 2.8997e-37 2.8997e-37 2 2 0
0.307215 8.36074e-50 8.36074e-50 2 2 0
0.306549 -5.5961e-50 -5.5961e-50 2 2 0
0.305882 -1.95529e-49 -1.95529e-49 2 2 0
0.305216 -3.79823e-65 -3.79823e-65 2 2 0
0.304549 7.48704e-33 7.48704e-33 2 2 0
0.303882 -4.75125e-33 -4.75125e-33 2 2 0
0.303216 0 0 2 2 0
0.302549 6.11042e-33 6.11042e-33 2 2 0
0.301883 2.70106e-33 2.70106e-33 2 2 0
0.301216 -8.55285e-50 -8.55285e-50 2 2 0
0.300549 3.42114e-49 3.42114e-49 2 2 0
0.299883 1.69967e-32 1.69967e-32 2 2 0
0.299216 -5.47382e-48 -5.47382e-48 2 2 0
0.29855 2.44662e-32 2.44662e-32 2 2 0
0.297883 7.46404e-33 7.46404e-33 2 2 0
0.297216 -1.36846e-48 -1.36846e-48 2 2 0
0.29655 -7.46404e-33 -7.46404e-33 2 2 0
0.295883 3.42161e-33 3.42161e-33 2 2 0
0.295217 2.73691e-48 2.73691e-48 2 2 0
0.29455 -6.84228e-49 -6.84228e-49 2 2 0
0.293883 7.47468e-33 7.47468e-33 2 2 0
0.293217 0 0 2 2 0
0.29255 2.73691e-48 2.73691e-48 2 2 0
0.291883 -1.22279e-32 -1.22279e-32 2 2 0
0.291217 -7.47069e-33 -7.47069e-33 2 2 0
0.29055 -2.73691e-48 -2.73691e-48 2 2 0
0.289884 2.71685e-33 2.71685e-33 2 2 0
0.289217 -6.78558e-34 -6.78558e-34 2 2 0
0.28855 6.84228e-49 6.84228e-49 2 2 0
0.287884 -8.55285e-50 -8.55285e-50 2 2 0
0.287217 -8.55285e-49 -8.55285e-49 2 2 0
0.286551 -1.62504e-48 -1.62504e-48 2 2 0
0.285884 -1.40737e-48 -1.40737e-48 2 2 0
0.285217 1.35756e-32 1.35756e-32 2 2 0
0.284551 0 0 2 2 0
0.283884 0 0 2 2 0
0.283218 -1.04546e-49 -1.04546e-49 2 2 0
0.282551 -2.09092e-49 -2.09092e-49 2 2 0
0.281884 -7.46831e-33 -7.46831e-33 2 2 0
0.281218 0 0 2 2 0
0.280551 0 0 2 2 0
0.279885 0 0 2 2 0
0.279218 1.69616e-32 1.69616e-32 2 2 0
0.278551 -5.47382e-48 -5.47382e-48 2 2 0
0.277885 5.47382e-48 5.47382e-48 2 2 0
0.277218 -2.43087e-63 -2.43087e-63 2 2 0
0.276552 -7.46617e-33 -7.46617e-33 2 2 0
0.275885 -1.49323e-32 -1.49323e-32 2 2 0
0.275218 -2.73691e-48 -2.73691e-48 2 2 0
0.274552 0 0 2 2 0
0.273885 7.45577e-33 7.45577e-33 2 2 0
0.273218 -9.49749e-33 -9.49749e-33 2 2 0
0.272552 0 0 2 2 0
0.271885 0 0 2 2 0
0.271219 1.45091e-67 1.45091e-67 2 2 0
0.270552 3.18565e-32 3.18565e-32 2 2 0
0.269885 0 0 2 2 0
0.269219 0 0 2 2 0
0.268552 -1.3642e-49 -1.3642e-49 2 2 0
0.267886 0 0 2 2 0
0.267219 1.3642e-49 1.3642e-49 2 2 0
0.266552 2.72841e-49 2.72841e-49 2 2 0
0.265886 1.21957e-32 1.21957e-32 2 2 0
0.265219 2.73691e-48 2.73691e-48 2 2 0
0.264553 5.47382e-48 5.47382e-48 2 2 0
0.263886 -1.21543e-63 -1.21543e-63 2 2 0
0.263219 -1.21925e-32 -1.21925e-32 2 2 0
0.262553 1.21901e-32 1.21901e-32 2 2 0
0.261886 1.96402e-32 1.96402e-32 2 2 0
0.26122 1.09476e-47 1.09476e-47 2 2 0
0.260553 0 0 2 2 0
0.259886 -2.43087e-63 -2.43087e-63 2 2 0
0.25922 -4.86173e-63 -4.86173e-63 2 2 0
0.258553 7.44502e-33 7.44502e-33 2 2 0
0.257887 -2.03603e-33 -2.03603e-33 2 2 0
0.25722 0 0 2 2 0
0.256553 -3.42114e-49 -3.42114e-49 2 2 0
0.255887 1.0635e-63 1.0635e-63 2 2 0
0.25522 -1.51929e-64 -1.51929e-64 2 2 0
0.254553 -4.12796e-32 -4.12796e-32 2 2 0
0.253887 -1.6915e-32 -1.6915e-32 2 2 0
0.25322 7.44952e-33 7.44952e-33 2 2 0
0.252554 9.9658e-36 9.9658e-36 2 2 0
0.251887 0 0 2 2 0
0.25122 3.04695e-49 3.04695e-49 2 2 0
0.250554 -4.55787e-64 -4.55787e-64 2 2 0
0.249887 -1.51929e-64 -1.51929e-64 2 2 0
0.249221 0 0 2 2 0
0.248554 -1.6907e-32 -1.6907e-32 2 2 0
0.247887 1.01498e-32 1.01498e-32 2 2 0
0.247221 -1.28392e-32 -1.28392e-32 2 2 0
0.246554 8.12974e-33 8.12974e-33 2 2 0
0.245888 4.75372e-33 4.75372e-33 2 2 0
0.245221 0 0 2 2 0
0.244554 1.36846e-48 1.36846e-48 2 2 0
0.243888 6.07716e-64 6.07716e-64 2 2 0
0.243221 -1.51929e-64 -1.51929e-64 2 2 0
0.242555 2.6988e-79 2.6988e-79 2 2 0
0.241888 -3.3735e-80 -3.3735e-80 2 2 0
0.241221 1.35075e-33 1.35075e-33 2 2 0
0.240555 1.35083e-33 1.35083e-33 2 2 0
0.239888 1.35092e-33 1.35092e-33 2 2 0
0.239221 -1.71057e-49 -1.71057e-49 2 2 0
0.238555 -6.08249e-33 -6.08249e-33 2 2 0
0.237888 -4.72719e-33 -4.72719e-33 2 2 0
0.237222 2.09537e-32 2.09537e-32 2 2 0
0.236555 -2.01368e-33 -2.01368e-33 2 2 0
0.235888 -5.38882e-33 -5.38882e-33 2 2 0
0.235222 5.47382e-48 5.47382e-48 2 2 0
0.234555 -6.84228e-49 -6.84228e-49 2 2 0
0.233889 -1.62289e-50 -1.62289e-50 2 2 0
0.233222 2.27894e-64 2.27894e-64 2 2 0
0.232555 0 0 2 2 0
0.231889 3.3735e-80 3.3735e-80 2 2 0
0.231222 1.49814e-95 1.49814e-95 2 2 0
0.230556 -3.74534e-96 -3.74534e-96 2 2 0
0.229889 0 0 2 2 0
0.229222 8.31633e-112 8.31633e-112 2 2 0
0.228556 0 0 2 2 0
0.227889 0 0 2 2 0
0.227223 1.5098e-143 1.5098e-143 2 2 0
0.226556 -3.49862e-144 -3.49862e-144 2 2 0
0.225889 0 0 2 2 0
0.225223 0 0 2 2 0
0.224556 2.09345e-176 2.09345e-176 2 2 0
0.22389 -6.19854e-176 -6.19854e-176 2 2 0
0.223223 0 0 2 2 0
0.222556 0 0 2 2 0
0.22189 -1.75911e-208 -1.75911e-208 2 2 0
0.221223 -1.44879e-210 -1.44879e-210 2 2 0
0.220556 0 0 2 2 0
0.21989 1.68851e-226 1.68851e-226 2 2 0
0.219223 0 0 2 2 0
0.218557 0 0 2 2 0
0.21789 -7.41897e-33 -7.41897e-33 2 2 0
0.217223 -2.69653e-33 -2.69653e-33 2 2 0
0.216557 -4.04445e-33 -4.04445e-33 2 2 0
0.21589 6.77641e-34 6.77641e-34 2 2 0
0.215224 -1.14575e-32 -1.14575e-32 2 2 0
0.214557 8.10247e-33 8.10247e-33 2 2 0
0.21389 0 0 2 2 0
0.213224 4.0348e-33 4.0348e-33 2 2 0
0.212557 -1.01353e-32 -1.01353e-32 2 2 0
0.211891 -3.3558e-35 -3.3558e-35 2 2 0
0.211224 0 0 2 2 0
0.210557 1.60366e-50 1.60366e-50 2 2 0
0.209891 1.42434e-65 1.42434e-65 2 2 0
0.209224 0 0 2 2 0
0.208558 0 0 2 2 0
0.207891 -5.04559e-83 -5.04559e-83 2 2 0
0.207224 -6.06557e-33 -6.06557e-33 2 2 0
0.206558 1.34764e-32 1.34764e-32 2 2 0
0.205891 -4.71754e-33 -4.71754e-33 2 2 0
0.205225 1.34676e-33 1.34676e-33 2 2 0
0.204558 -1.68458e-32 -1.68458e-32 2 2 0
0.203891 5.47382e-48 5.47382e-48 2 2 0
0.203225 -2.73691e-48 -2.73691e-48 2 2 0
0.202558 -2.43087e-63 -2.43087e-63 2 2 0
0.201891 0 0 2 2 0
0.201225 -5.39761e-79 -5.39761e-79 2 2 0
0.200558 1.34593e-33 1.34593e-33 2 2 0
0.199892 2.69186e-33 2.69186e-33 2 2 0
0.199225 -2.02377e-33 -2.02377e-33 2 2 0
0.198558 -3.09843e-32 -3.09843e-32 2 2 0
0.197892 -1.09476e-47 -1.09476e-47 2 2 0
0.197225 0 0 2 2 0
0.196559 2.43087e-63 2.43087e-63 2 2 0
0.195892 -3.1434e-64 -3.1434e-64 2 2 0
0.195225 -7.40358e-33 -7.40358e-33 2 2 0
0.194559 2.15484e-32 2.15484e-32 2 2 0
0.193892 -7.40405e-33 -7.40405e-33 2 2 0
0.193226 -5.47382e-48 -5.47382e-48 2 2 0
0.192559 1.36846e-48 1.36846e-48 2 2 0
0.191892 0 0 2 2 0
0.191226 -1.36846e-48 -1.36846e-48 2 2 0
0.190559 7.4008e-33 7.4008e-33 2 2 0
0.189893 -2.15403e-32 -2.15403e-32 2 2 0
0.189226 0 0 2 2 0
0.188559 0 0 2 2 0
0.187893 1.91836e-64 1.91836e-64 2 2 0
0.187226 3.83673e-64 3.83673e-64 2 2 0
0.18656 5.75509e-64 5.75509e-64 2 2 0
0.185893 -1.34305e-33 -1.34305e-33 2 2 0
0.185226 -6.84228e-49 -6.84228e-49 2 2 0
0.18456 0 0 2 2 0
0.183893 1.51929e-64 1.51929e-64 2 2 0
0.183226 1.34403e-33 1.34403e-33 2 2 0
0.18256 -3.36542e-33 -3.36542e-33 2 2 0
0.181893 -1.36846e-48 -1.36846e-48 2 2 0
0.181227 0 0 2 2 0
0.18056 0 0 2 2 0
0.179893 0 0 2 2 0
0.179227 0 0 2 2 0
0.17856 -1.10965e-65 -1.10965e-65 2 2 0
0.177894 -5.20955e-65 -5.20955e-65 2 2 0
0.177227 -9.30946e-65 -9.30946e-65 2 2 0
0.17656 -1.34094e-64 -1.34094e-64 2 2 0
0.175894 -1.1012e-48 -1.1012e-48 2 2 0
0.175227 -1.65237e-48 -1.65237e-48 2 2 0
0.174561 6.07716e-64 6.07716e-64 2 2 0
0.173894 1.34304e-33 1.34304e-33 2 2 0
0.173227 2.68608e-33 2.68608e-33 2 2 0
0.172561 -6.84228e-49 -6.84228e-49 2 2 0
0.171894 -3.42114e-49 -3.42114e-49 2 2 0
0.171228 0 0 2 2 0
0.170561 -1.20957e-32 -1.20957e-32 2 2 0
0.169894 -2.73691e-48 -2.73691e-48 2 2 0
0.169228 0 0 2 2 0
0.168561 7.38944e-33 7.38944e-33 2 2 0
0.167894 0 0 2 2 0
0.167228 0 0 2 2 0
0.166561 6.04604e-33 6.04604e-33 2 2 0
0.165895 -6.04513e-33 -6.04513e-33 2 2 0
0.165228 -2.73691e-48 -2.73691e-48 2 2 0
0.164561 1.36846e-48 1.36846e-48 2 2 0
0.163895 6.04483e-33 6.04483e-33 2 2 0
0.163228 -7.38586e-33 -7.38586e-33 2 2 0
0.162562 0 0 2 2 0
0.161895 8.72767e-33 8.72767e-33 2 2 0
0.161228 -2.01728e-33 -2.01728e-33 2 2 0
0.160562 2.73691e-48 2.73691e-48 2 2 0
0.159895 6.84228e-49 6.84228e-49 2 2 0
0.159229 -1.36846e-48 -1.36846e-48 2 2 0
0.158562 9.42184e-48 9.42184e-48 2 2 0
0.157895 -7.67417e-48 -7.67417e-48 2 2 0
0.157229 0 0 2 2 0
0.156562 -4.69899e-33 -4.69899e-33 2 2 0
0.155896 -5.47382e-48 -5.47382e-48 2 2 0
0.155229 -2.6831e-33 -2.6831e-33 2 2 0
0.154562 -1.2753e-32 -1.2753e-32 2 2 0
0.153896 -8.21073e-48 -8.21073e-48 2 2 0
0.153229 2.0138e-33 2.0138e-33 2 2 0
0.152563 4.02759e-33 4.02759e-33 2 2 0
0.151896 2.05268e-48 2.05268e-48 2 2 0
0.151229 -4.02759e-33 -4.02759e-33 2 2 0
0.150563 -9.39585e-33 -9.39585e-33 2 2 0
0.149896 2.73691e-48 2.73691e-48 2 2 0
0.149229 -2.68078e-33 -2.68078e-33 2 2 0
0.148563 6.84228e-49 6.84228e-49 2 2 0
0.147896 6.84228e-49 6.84228e-49 2 2 0
0.14723 6.84228e-49 6.84228e-49 2 2 0
0.146563 4.28134e-49 4.28134e-49 2 2 0
0.145896 -1.1886e-49 -1.1886e-49 2 2 0
0.14523 -6.65853e-49 -6.65853e-49 2 2 0
0.144563 1.51929e-64 1.51929e-64 2 2 0
0.143897 6.65853e-49 6.65853e-49 2 2 0
0.14323 4.70241e-33 4.70241e-33 2 2 0
0.142563 6.84228e-48 6.84228e-48 2 2 0
0.141897 -2.8843e-32 -2.8843e-32 2 2 0
0.14123 -1.09476e-47 -1.09476e-47 2 2 0
0.140564 0 0 2 2 0
0.139897 1.67649e-32 1.67649e-32 2 2 0
0.13923 0 0 2 2 0
0.138564 -9.39827e-33 -9.39827e-33 2 2 0
0.137897 -2.73691e-48 -2.73691e-48 2 2 0
0.137231 2.73691e-48 2.73691e-48 2 2 0
0.136564 8.21073e-48 8.21073e-48 2 2 0
0.135897 9.14338e-48 9.14338e-48 2 2 0
0.135231 1.0076e-47 1.0076e-47 2 2 0
0.134564 -2.8264e-51 -2.8264e-51 2 2 0
0.133898 -1.00817e-47 -1.00817e-47 2 2 0
0.133231 -2.01606e-47 -2.01606e-47 2 2 0
0.132564 -3.42875e-50 -3.42875e-50 2 2 0
0.131898 2.0092e-47 2.0092e-47 2 2 0
0.131231 -2.74026e-51 -2.74026e-51 2 2 0
0.130564 1.20607e-32 1.20607e-32 2 2 0
0.129898 -2.73691e-48 -2.73691e-48 2 2 0
0.129231 -1.20607e-32 -1.20607e-32 2 2 0
0.128565 -5.47382e-48 -5.47382e-48 2 2 0
0.127898 0 0 2 2 0
0.127231 -2.88081e-32 -2.88081e-32 2 2 0
0.126565 0 0 2 2 0
0.125898 4.6944e-33 4.6944e-33 2 2 0
0.125232 2.73691e-48 2.73691e-48 2 2 0
0.124565 -4.6944e-33 -4.6944e-33 2 2 0
0.123898 -1.36846e-48 -1.36846e-48 2 2 0
0.123232 -1.20573e-32 -1.20573e-32 2 2 0
0.122565 5.47382e-48 5.47382e-48 2 2 0
0.121899 1.20573e-32 1.20573e-32 2 2 0
0.121232 -2.73691e-48 -2.73691e-48 2 2 0
0.120565 4.10537e-48 4.10537e-48 2 2 0
0.119899 0 0 2 2 0
0.119232 6.07716e-64 6.07716e-64 2 2 0
0.118566 0 0 2 2 0
0.117899 0 0 2 2 0
0.117232 0 0 2 2 0
0.116566 0 0 2 2 0
0.115899 0 0 2 2 0
0.115233 0 0 2 2 0
0.114566 0 0 2 2 0
0.113899 0 0 2 2 0
0.113233 0 0 2 2 0
0.112566 0 0 2 2 0
0.111899 0 0 2 2 0
0.111233 0 0 2 2 0
0.110566 0 0 2 2 0
0.1099 0 0 2 2 0
0.109233 0 0 2 2 0
0.108566 -4.69179e-33 -4.69179e-33 2 2 0
0.1079 -9.38358e-33 -9.38358e-33 2 2 0
0.107233 -3.08038e-32 -3.08038e-32 2 2 0
0.106567 -4.05873e-33 -4.05873e-33 2 2 0
0.1059 -1.34361e-32 -1.34361e-32 2 2 0
0.105233 -1.07731e-32 -1.07731e-32 2 2 0
0.104567 5.47382e-48 5.47382e-48 2 2 0
0.1039 -1.36846e-48 -1.36846e-48 2 2 0
0.103234 1.21543e-63 1.21543e-63 2 2 0
0.102567 0 0 2 2 0
0.1019 -7.34819e-33 -7.34819e-33 2 2 0
0.101234 -2.65923e-33 -2.65923e-33 2 2 0
0.100567 1.87557e-32 1.87557e-32 2 2 0
0.0999005 2.68008e-32 2.68008e-32 2 2 0
0.0992339 -5.47382e-48 -5.47382e-48 2 2 0
0.0985673 -5.47382e-48 -5.47382e-48 2 2 0
0.0979007 0 0 2 2 0
0.0972341 5.47382e-48 5.47382e-48 2 2 0
0.0965675 3.14122e-32 3.14122e-32 2 2 0
0.0959009 -2.02864e-33 -2.02864e-33 2 2 0
0.0952343 0 0 2 2 0
0.0945677 0 0 2 2 0
0.0939011 0 0 2 2 0
0.0932345 4.68769e-33 4.68769e-33 2 2 0
0.0925678 1.36846e-48 1.36846e-48 2 2 0
0.0919012 -6.84228e-49 -6.84228e-49 2 2 0
0.0912346 0 0 2 2 0
0.090568 4.68631e-33 4.68631e-33 2 2 0
0.0899014 -2.65585e-33 -2.65585e-33 2 2 0
0.0892348 0 0 2 2 0
0.0885682 3.42114e-49 3.42114e-49 2 2 0
0.0879016 6.84228e-49 6.84228e-49 2 2 0
0.087235 1.02634e-48 1.02634e-48 2 2 0
0.0865684 5.41919e-48 5.41919e-48 2 2 0
0.0859018 -2.40509e-32 -2.40509e-32 2 2 0
0.0852352 -1.99522e-36 -1.99522e-36 2 2 0
0.0845686 0 0 2 2 0
0.083902 1.68585e-48 1.68585e-48 2 2 0
0.0832353 3.37169e-48 3.37169e-48 2 2 0
0.0825687 -6.01149e-33 -6.01149e-33 2 2 0
0.0819021 -1.36846e-48 -1.36846e-48 2 2 0
0.0812355 1.80335e-32 1.80335e-32 2 2 0
0.0805689 -1.67024e-32 -1.67024e-32 2 2 0
0.0799023 0 0 2 2 0
0.0792357 -3.13796e-32 -3.13796e-32 2 2 0
0.0785691 -1.46791e-32 -1.46791e-32 2 2 0
0.0779025 1.71057e-48 1.71057e-48 2 2 0
0.0772359 -3.34942e-33 -3.34942e-33 2 2 0
0.0765693 1.36846e-48 1.36846e-48 2 2 0
0.0759027 6.84228e-49 6.84228e-49 2 2 0
0.0752361 1.66994e-32 1.66994e-32 2 2 0
0.0745694 0 0 2 2 0
0.0739028 -1.17409e-36 -1.17409e-36 2 2 0
0.0732362 -4.68417e-33 -4.68417e-33 2 2 0
0.0725696 2.73691e-48 2.73691e-48 2 2 0
0.071903 4.68417e-33 4.68417e-33 2 2 0
0.0712364 -1.36846e-48 -1.36846e-48 2 2 0
0.0705698 -1.66983e-32 -1.66983e-32 2 2 0
0.0699032 2.6444e-33 2.6444e-33 2 2 0
0.0692366 2.73691e-48 2.73691e-48 2 2 0
0.06857 -1.46571e-32 -1.46571e-32 2 2 0
0.0679034 -5.47382e-48 -5.47382e-48 2 2 0
0.0672368 -9.36642e-33 -9.36642e-33 2 2 0
0.0665702 5.47382e-48 5.47382e-48 2 2 0
0.0659035 9.36642e-33 9.36642e-33 2 2 0
0.0652369 -5.47382e-48 -5.47382e-48 2 2 0
0.0645703 -3.36148e-33 -3.36148e-33 2 2 0
0.0639037 -1.36846e-48 -1.36846e-48 2 2 0
0.0632371 -2.05268e-48 -2.05268e-48 2 2 0
0.0625705 -2.73691e-48 -2.73691e-48 2 2 0
0.0619039 -6.05675e-51 -6.05675e-51 2 2 0
0.0612373 2.7248e-48 2.7248e-48 2 2 0
0.0605707 -3.49588e-48 -3.49588e-48 2 2 0
0.0599041 -9.71655e-48 -9.71655e-48 2 2 0
0.0592375 -1.59372e-47 -1.59372e-47 2 2 0
0.0585709 2.02995e-50 2.02995e-50 2 2 0
0.0579043 -1.20052e-32 -1.20052e-32 2 2 0
0.0572377 -5.47382e-48 -5.47382e-48 2 2 0
0.056571 -1.93306e-32 -1.93306e-32 2 2 0
0.0559044 -5.47382e-48 -5.47382e-48 2 2 0
0.0552378 7.32732e-33 7.32732e-33 2 2 0
0.0545712 2.65182e-33 2.65182e-33 2 2 0
0.0539046 -1.87022e-32 -1.87022e-32 2 2 0
0.053238 1.2627e-32 1.2627e-32 2 2 0
0.0525714 0 0 2 2 0
0.0519048 0 0 2 2 0
0.0512382 -2.31086e-65 -2.31086e-65 2 2 0
0.0505716 -4.62173e-65 -4.62173e-65 2 2 0
0.049905 1.66693e-32 1.66693e-32 2 2 0
0.0492384 -5.47382e-48 -5.47382e-48 2 2 0
0.0485718 -5.47382e-48 -5.47382e-48 2 2 0
0.0479051 4.67447e-33 4.67447e-33 2 2 0
0.0472385 -2.64881e-33 -2.64881e-33 2 2 0
0.0465719 -1.36846e-48 -1.36846e-48 2 2 0
0.0459053 0 0 2 2 0
0.0452387 4.67399e-33 4.67399e-33 2 2 0
0.0445721 1.40163e-32 1.40163e-32 2 2 0
0.0439055 8.21073e-48 8.21073e-48 2 2 0
0.0432389 -1.86895e-32 -1.86895e-32 2 2 0
0.0425723 -7.39259e-33 -7.39259e-33 2 2 0
0.0419057 0 0 2 2 0
0.0412391 -4.60107e-33 -4.60107e-33 2 2 0
0.0405725 -9.20214e-33 -9.20214e-33 2 2 0
0.0399059 -1.09476e-47 -1.09476e-47 2 2 0
0.0392392 9.20214e-33 9.20214e-33 2 2 0
0.0385726 5.47382e-48 5.47382e-48 2 2 0
0.037906 1.94525e-32 1.94525e-32 2 2 0
0.0372394 0 0 2 2 0
0.0365728 5.24906e-32 5.24906e-32 2 2 0
0.0359062 -1.02482e-32 -1.02482e-32 2 2 0
0.0352396 0 0 2 2 0
0.034573 4.25363e-33 4.25363e-33 2 2 0
0.0339064 1.36846e-48 1.36846e-48 2 2 0
0.0332398 7.73465e-33 7.73465e-33 2 2 0
0.0325732 -2.73691e-48 -2.73691e-48 2 2 0
0.0319066 -7.73465e-33 -7.73465e-33 2 2 0
0.03124 3.83431e-33 3.83431e-33 2 2 0
0.0305734 -5.47382e-48 -5.47382e-48 2 2 0
0.0299067 -2.04852e-32 -2.04852e-32 2 2 0
0.0292401 5.47382e-48 5.47382e-48 2 2 0
0.0285735 1.18454e-33 1.18454e-33 2 2 0
0.0279069 -1.71057e-48 -1.71057e-48 2 2 0
0.0272403 -6.84228e-49 -6.84228e-49 2 2 0
0.0265737 0 0 2 2 0
0.0259071 -1.66521e-32 -1.66521e-32 2 2 0
0.0252405 -1.09476e-47 -1.09476e-47 2 2 0
0.0245739 0 0 2 2 0
0.0239073 1.09476e-47 1.09476e-47 2 2 0
0.0232407 0 0 2 2 0
0.0225741 0 0 2 2 0
0.0219075 -4.79234e-32 -4.79234e-32 2 2 0
0.0212408 2.18953e-47 2.18953e-47 2 2 0
0.0205742 -1.66438e-32 -1.66438e-32 2 2 0
0.0199076 -1.09476e-47 -1.09476e-47 2 2 0
0.019241 -7.31445e-33 -7.31445e-33 2 2 0
0.0185744 0 0 2 2 0
0.0179078 2.73691e-48 2.73691e-48 2 2 0
0.0172412 2.86169e-32 2.86169e-32 2 2 0
0.0165746 0 0 2 2 0
0.015908 -9.32896e-33 -9.32896e-33 2 2 0
0.0152414 5.29517e-33 5.29517e-33 2 2 0
0.0145748 -2.73691e-48 -2.73691e-48 2 2 0
0.0139082 1.86562e-32 1.86562e-32 2 2 0
0.0132416 5.47382e-48 5.47382e-48 2 2 0
0.0125749 2.73691e-48 2.73691e-48 2 2 0
0.0119083 7.30934e-33 7.30934e-33 2 2 0
0.0112417 0 0 2 2 0
0.0105751 -7.30934e-33 -7.30934e-33 2 2 0
0.00990852 -2.64552e-33 -2.64552e-33 2 2 0
0.00924191 0 0 2 2 0
0.0085753 0 0 2 2 0
0.0079087 1.327e-65 1.327e-65 2 2 0
0.00724209 -1.71387e-65 -1.71387e-65 2 2 0
0.00657548 -8.43376e-81 -8.43376e-81 2 2 0
0.00590887 0 0 2 2 0
0.00524227 0 0 2 2 0
0.00457566 0 0 2 2 0
0.00390905 -7.30629e-33 -7.30629e-33 2 2 0
0.00324244 -1.46126e-32 -1.46126e-32 2 2 0
0.00257584 -2.05924e-32 -2.05924e-32 2 2 0
0.00190923 0 0 2 2 0
0.00124262 0 0 2 2 0
0.000576015 0 0 2 2 0
-9.05927e-05 1.20116e-64 1.20116e-64 2 2 0
0.950756 1.63496e-05 1.63496e-05 2 2 0
0.951233 1.05261e-17 1.05261e-17 2 2 0
0.9515 -5.35444e-10 -5.35444e-10 1 2 0
0.951793 -1.81555e-14 -1.81555e-14 1 2 0
0.95238 -1.79658e-17 -1.79658e-17 1 2 0
0.953047 -4.93196e-27 -4.93196e-27 1 2 0
0.953713 -9.24446e-32 -9.24446e-32 1 2 0
0.95438 -4.50811e-32 -4.50811e-32 1 2 0
0.955046 3.76325e-47 3.76325e-47 1 2 0
0.955713 -1.58765e-31 -1.58765e-31 1 2 0
0.95638 3.94115e-46 3.94115e-46 1 2 0
0.957046 -6.01306e-34 -6.01306e-34 1 2 0
0.957713 1.53951e-48 1.53951e-48 1 2 0
0.958379 -8.47811e-36 -8.47811e-36 1 2 0
0.959046 2.26906e-34 2.26906e-34 1 2 0
0.959713 -2.53314e-35 -2.53314e-35 1 2 0
0.960379 -1.58782e-32 -1.58782e-32 1 2 0
0.961046 9.30475e-32 9.30475e-32 1 2 0
0.961713 -1.81932e-35 -1.81932e-35 1 2 0
0.962379 -2.66645e-35 -2.66645e-35 1 2 0
0.963046 3.30195e-34 3.30195e-34 1 2 0
0.963712 -4.3453e-35 -4.3453e-35 1 2 0
0.964379 -5.19242e-35 -5.19242e-35 1 2 0
0.965046 1.55172e-32 1.55172e-32 1 2 0
0.965712 -3.12109e-32 -3.12109e-32 1 2 0
0.966379 -1.56549e-32 -1.56549e-32 1 2 0
0.967045 -3.12344e-32 -3.12344e-32 1 2 0
0.967712 -1.20497e-34 -1.20497e-34 1 2 0
0.968379 -1.28974e-34 -1.28974e-34 1 2 0
0.969045 -1.5904e-35 -1.5904e-35 1 2 0
0.969712 9.71657e-35 9.71657e-35 1 2 0
0.970378 -9.35029e-35 -9.35029e-35 1 2 0
0.971045 -2.84171e-34 -2.84171e-34 1 2 0
0.971712 3.06149e-32 3.06149e-32 1 2 0
0.972378 -6.52443e-34 -6.52443e-34 1 2 0
0.973045 4.57719e-32 4.57719e-32 1 2 0
0.973711 1.74329e-35 1.74329e-35 1 2 0
0.974378 8.58396e-34 8.58396e-34 1 2 0
0.975045 9.26038e-37 9.26038e-37 1 2 0
0.975711 -7.50567e-36 -7.50567e-36 1 2 0
0.976378 -1.59374e-35 -1.59374e-35 1 2 0
0.977044 -4.95805e-35 -4.95805e-35 1 2 0
0.977711 -3.2613e-35 -3.2613e-35 1 2 0
0.978378 -7.77282e-33 -7.77282e-33 1 2 0
0.979044 5.33081e-34 5.33081e-34 1 2 0
0.979711 -3.41922e-35 -3.41922e-35 1 2 0
0.980378 4.44711e-35 4.44711e-35 1 2 0
0.981044 -3.81179e-36 -3.81179e-36 1 2 0
0.981711 1.20802e-35 1.20802e-35 1 2 0
0.982377 -3.38137e-35 -3.38137e-35 1 2 0
0.983044 1.48304e-35 1.48304e-35 1 2 0
0.983711 5.93975e-35 5.93975e-35 1 2 0
0.984377 9.99349e-35 9.99349e-35 1 2 0
0.985044 1.36489e-34 1.36489e-34 1 2 0
0.98571 1.69105e-34 1.69105e-34 1 2 0
0.986377 1.9783e-34 1.9783e-34 1 2 0
0.987044 2.22706e-34 2.22706e-34 1 2 0
0.98771 7.9772e-33 7.9772e-33 1 2 0
0.988377 7.10198e-33 7.10198e-33 1 2 0
0.989043 -3.03114e-35 -3.03114e-35 1 2 0
0.98971 1.26763e-35 1.26763e-35 1 2 0
0.990377 -1.03208e-35 -1.03208e-35 1 2 0
0.991043 8.49105e-38 8.49105e-38 1 2 0
0.99171 2.40671e-35 2.40671e-35 1 2 0
0.992376 -3.81703e-33 -3.81703e-33 1 2 0
0.993043 -6.96096e-33 -6.96096e-33 1 2 0
0.99371 -9.4154e-33 -9.4154e-33 1 2 0
0.994376 3.88042e-34 3.88042e-34 1 2 0
0.995043 -1.62268e-36 -1.62268e-36 1 2 0
0.995709 8.61566e-37 8.61566e-37 1 2 0
0.996376 6.68191e-52 6.68191e-52 1 2 0
0.997043 -3.34096e-52 -3.34096e-52 1 2 0
0.997709 2.96736e-67 2.96736e-67 1 2 0
0.998376 0 0 1 2 0
0.999043 6.58887e-83 6.58887e-83 1 2 0
0.999709 0 0 1 2 0
1 1.40884e-132 1.40884e-132 1 2 0
1.00067 1.82496e-127 1.82496e-127 2 2 0
1 1.40884e-132 1.40884e-132 2 3 0
1.02 1.34358e-138 1.34358e-138 2 3 0
1 1.40884e-132 1.40884e-132 2 3 0
0.979998 -4.70251e-138 -4.70251e-138 2 3 0
0.959998 1.55466e-138 1.55466e-138 2 3 0
0.919998 -1.32238e-147 -1.32238e-147 2 3 0
0.869998 1.52851e-149 1.52851e-149 2 3 0
0.819998 -2.77845e-163 -2.77845e-163 2 3 0
0.769998 2.17066e-165 2.17066e-165 2 3 0
0.719998 0 0 2 3 0
0.669998 0 0 2 3 0
0.619998 0 0 2 3 0
0.569998 0 0 2 3 0
0.519998 0 0 2 3 0
0.469998 0 0 2 3 0
0.419998 0 0 2 3 0
0.369998 0 0 2 3 0
0.319998 0 0 2 3 0
0.269998 0 0 2 3 0
0.219998 0 0 2 3 0
0.169998 0 0 2 3 0
0.119998 0 0 2 3 0
0.0699981 0 0 2 3 0
0.0199981 0 0 2 3 0
-0.0300019 0 0 2 3 0
0.7 0.303388 0.303388 2 1 0
0.68669 0.319292 0.319292 1 1 0
0.676317 0.331834 0.331834 1 1 0
0.659029 0.352736 0.352736 1 1 0
0.641741 0.373639 0.373639 1 1 0
0.624453 0.394541 0.394541 1 1 0
0.607165 0.415444 0.415444 1 1 0
0.589877 0.436346 0.436346 1 1 0
0.572589 0.457249 0.457249 1 1 0
0.555301 0.478151 0.478151 1 1 0
0.538013 0.499054 0.499054 1 1 0
0.520725 0.519957 0.519957 1 1 0
0.503437 0.540859 0.540859 1 1 0
0.486149 0.561762 0.561762 1 1 0
0.468861 0.582664 0.582664 1 1 0
0.451573 0.603567 0.603567 1 1 0
0.434285 0.624469 0.624469 1 1 0
0.416997 0.645372 0.645372 1 1 0
0.399709 0.666274 0.666274 1 1 0
0.382421 0.687177 0.687177 1 1 0
0.365133 0.708079 0.708079 1 1 0
0.347845 0.728982 0.728982 1 1 0
0.330557 0.749884 0.749884 1 1 0
0.313269 0.770787 0.770787 1 1 0
0.295981 0.791689 0.791689 1 1 0
0.278693 0.812592 0.812592 1 1 0
0.261405 0.833495 0.833495 1 1 0
0.244117 0.854397 0.854397 1 1 0
0.226829 0.8753 0.8753 1 1 0
0.209541 0.896202 0.896202 1 1 0
0.204195 0.902666 0.902666 2 1 0
0.186907 0.923569 0.923569 2 1 0
0.169619 0.944471 0.944471 2 1 0
0.152331 0.965374 0.965374 2 1 0
0.135043 0.986276 0.986276 2 1 0
0.117755 1.00718 1.00718 2 1 0
0.100467 1.02808 1.02808 2 1 0
0.0831788 1.04898 1.04898 2 1 0
0.0658908 1.06989 1.06989 2 1 0
0.0486028 1.09079 1.09079 2 1 0
0.0313148 1.11169 1.11169 2 1 0
0.0140268 1.13259 1.13259 2 1 0
-0.00326117 1.1535 1.1535 2 1 0
0.204195 0.902666 0.902666 4 9 0
0.204193 0.916124 0.889357 4 9 0
0.204193 0.916321 0.889165 3 9 0
0.204177 0.950661 0.856549 3 9 0
0.204143 0.985948 0.824835 3 9 0
0.204091 1.0222 0.79402 3 9 0
0.20402 1.05939 0.764254 3 9 0
0.203932 1.09759 0.735222 3 9 0
0.203826 1.13678 0.707042 3 9 0
0.203702 1.17694 0.679582 3 9 0
0.203561 1.21815 0.653059 3 9 0
0.203401 1.26039 0.627348 3 9 0
0.203224 1.30346 0.602509 3 9 0
0.203028 1.34776 0.578379 3 9 0
0.202816 1.39312 0.555017 3 9 0
0.202585 1.43922 0.532144 3 9 0
0.202337 1.48654 0.510293 3 9 0
0.202072 1.5349 0.489168 3 9 0
0.201789 1.58547 0.468704 3 9 0
0.201488 1.63617 0.44898 3 9 0
0.201171 1.68796 0.429936 3 9 0
0.200836 1.74069 0.411753 3 9 0
0.200484 1.79473 0.394032 3 9 0
0.200115 1.84987 0.376942 3 9 0
0.199729 1.90612 0.360165 3 9 0
0.199326 1.96339 0.344273 3 9 0
0.198907 2.02174 0.328967 3 9 0
0.198471 2.08001 0.314569 3 9 0
0.198018 2.14084 0.30032 3 9 0
0.197549 2.20281 0.286611 3 9 0
0.197063 2.26562 0.273358 3 9 0
0.196562 2.32988 0.260689 3 9 0
0.196044 2.39528 0.248516 3 9 0
0.19551 2.45957 0.236801 3 9 0
0.194961 2.52622 0.225622 3 9 0
0.194396 2.59514 0.214893 3 9 0
0.193815 2.66389 0.204474 3 9 0
0.193219 2.7352 0.194589 3 9 0
0.192608 2.80767 0.185116 3 9 0
0.191982 2.88101 0.176142 3 9 0
0.191341 2.95425 0.167461 3 9 0
0.190685 3.02987 0.159151 3 9 0
0.190014 3.11 0.15139 3 9 0
0.189329 3.18801 0.143674 3 9 0
0.18863 3.26709 0.136299 3 9 0
0.187916 3.3443 0.129106 3 9 0
0.187189 3.42428 0.122397 3 9 0
0.186448 3.50512 0.115991 3 9 0
0.185694 3.59108 0.109859 3 9 0
0.184926 3.67634 0.104037 3 9 0
0.184145 3.76267 0.0984867 3 9 0
0.18335 3.845 0.0933517 3 9 0
0.182544 3.934 0.0883329 3 9 0
0.181724 4.02409 0.0835526 3 9 0
0.180892 4.11812 0.0790136 3 9 0
0.180048 4.20956 0.0745924 3 9 0
0.179192 4.30191 0.0703893 3 9 0
0.178324 4.38837 0.0662761 3 9 0
0.177445 4.48444 0.0625235 3 9 0
0.176554 4.58154 0.0589597 3 9 0
0.175653 4.6827 0.05577 3 9 0
0.17474 4.78093 0.0524975 3 9 0
0.173816 4.88 0.0493957 3 9 0
0.172882 4.97663 0.0467538 3 9 0
0.171938 5.07605 0.0439884 3 9 0
0.170983 5.17606 0.0413112 3 9 0
0.170017 5.2837 0.0386806 3 9 0
0.169043 5.38625 0.0363025 3 9 0
0.168059 5.48935 0.0340555 3 9 0
0.167067 5.60396 0.0319442 3 9 0
0.166065 5.71077 0.0299375 3 9 0
0.165054 5.81816 0.0280441 3 9 0
0.164034 5.93198 0.0262432 3 9 0
0.163006 6.04322 0.0245647 3 9 0
0.16197 6.15509 0.0229832 3 9 0
0.160926 6.26897 0.0214949 3 9 0
0.159873 6.38323 0.0200956 3 9 0
0.158813 6.49806 0.0187789 3 9 0
0.157746 6.61394 0.0175671 3 9 0
0.156671 6.72996 0.0164053 3 9 0
0.155589 6.84639 0.0153134 3 9 0
0.154501 6.97008 0.0143442 3 9 0
0.153405 7.08914 0.0133819 3 9 0
0.152302 7.20854 0.0124785 3 9 0
0.151194 7.33745 0.0115463 3 9 0
0.150079 7.46029 0.0107279 3 9 0
0.148957 7.58347 0.00996267 3 9 0
0.147831 7.71387 0.00920578 3 9 0
0.146697 7.84158 0.00854731 3 9 0
0.145558 7.96972 0.00793206 3 9 0
0.144413 8.09968 0.00736356 3 9 0
0.143262 8.22993 0.00682812 3 9 0
0.142107 8.36051 0.00632849 3 9 0
0.140945 8.49489 0.0058634 3 9 0
0.139779 8.6285 0.00542909 3 9 0
0.138608 8.76241 0.00502445 3 9 0
0.13743 8.89918 0.00465126 3 9 0
0.13625 9.03686 0.00430056 3 9 0
0.135065 9.17484 0.0039743 3 9 0
0.133874 9.31428 0.00366968 3 9 0
0.132679 9.4544 0.00338777 3 9 0
0.131481 9.59474 0.00312592 3 9 0
0.130276 9.73419 0.00290187 3 9 0
0.129069 9.87436 0.00267569 3 9 0
0.127858 10.0145 0.00246587 3 9 0
0.126639 10.1612 0.00228442 3 9 0
0.12542 10.3025 0.00210355 3 9 0
0.124198 10.4437 0.00193599 3 9 0
0.122966 10.6067 0.00177937 3 9 0
0.121736 10.7516 0.00163534 3 9 0
0.120502 10.8964 0.00150247 3 9 0
0.119257 11.0646 0.00137403 3 9 0
0.118016 11.2141 0.00126165 3 9 0
0.116771 11.3634 0.00115812 3 9 0
0.115515 11.5278 0.00106092 3 9 0
0.114263 11.6805 0.00097338 3 9 0
0.113009 11.8331 0.000892846 3 9 0
0.111738 12.0029 0.000817901 3 9 0
0.110477 12.1599 0.000749971 3 9 0
0.109213 12.3167 0.000687562 3 9 0
0.107922 12.4871 0.000631264 3 9 0
0.106651 12.6486 0.000578697 3 9 0
0.105378 12.8099 0.000530463 3 9 0
0.104066 12.9794 0.000488934 3 9 0
0.102787 13.146 0.000448296 3 9 0
0.101506 13.3126 0.000411054 3 9 0
0.100173 13.4786 0.000379911 3 9 0
0.0988859 13.6502 0.000348557 3 9 0
0.0975967 13.8218 0.000319855 3 9 0
0.0962397 13.9872 0.000296609 3 9 0
0.0949455 14.1632 0.000272467 3 9 0
0.0936494 14.3392 0.000250392 3 9 0
0.0922627 14.5085 0.000233256 3 9 0
0.0909622 14.688 0.000214698 3 9 0
0.0896604 14.8674 0.000197745 3 9 0
0.0882293 15.0409 0.000185639 3 9 0
0.086924 15.2235 0.000169755 3 9 0
0.085618 15.406 0.000154312 3 9 0
0.0841337 15.5838 0.0001436 3 9 0
0.0828254 15.7695 0.000130487 3 9 0
0.0815179 15.955 0.000118533 3 9 0
0.079968 16.1376 0.000110207 3 9 0
0.0786593 16.3262 0.000100092 3 9 0
0.0773532 16.5145 9.08879e-05 3 9 0
0.0757078 16.7023 8.45567e-05 3 9 0
0.0744019 16.8937 7.67874e-05 3 9 0
0.0731015 17.0846 6.97326e-05 3 9 0
0.0714039 17.2806 6.40705e-05 3 9 0
0.0701059 17.4719 5.82012e-05 3 9 0
0.0688164 17.6624 5.28831e-05 3 9 0
0.0658151 17.8679 5.1142e-05 3 9 0
0.0644777 18.0734 4.64617e-05 3 9 0
0.0631869 18.2731 4.23357e-05 3 9 0
0.0612294 18.4353 4.04964e-05 3 9 0
0.0599537 18.6438 3.6963e-05 3 9 0
0.0587019 18.8509 3.37782e-05 3 9 0
0.057033 19.0442 3.23589e-05 3 9 0
0.0558263 19.2308 2.96414e-05 3 9 0
0.0546521 19.4358 2.71863e-05 3 9 0
0.0526006 19.6641 2.62736e-05 3 9 0
0.0514857 19.8545 2.4165e-05 3 9 0
0.050432 20.0438 2.22729e-05 3 9 0
0.0477848 20.2936 2.18048e-05 3 9 0
0.0468046 20.488 2.01423e-05 3 9 0
0.0459429 20.679 1.86797e-05 3 9 0
0.0422425 20.9495 1.86513e-05 3 9 0
0.0414668 21.1542 1.72741e-05 3 9 0
0.0409371 21.3486 1.61316e-05 3 9 0
0.0356629 21.4476 1.77945e-05 4 9 0
0.0374138 21.0814 2.0078e-05 3 9 0
0.0385522 20.8807 2.146e-05 3 9 0
0.0430132 20.6281 2.13159e-05 3 9 0
0.0443837 20.3966 2.31027e-05 3 9 0
0.0456725 20.1872 2.48805e-05 3 9 0
0.0507603 19.929 2.47052e-05 3 9 0
0.0520761 19.6951 2.7164e-05 3 9 0
0.0532523 19.4933 2.95072e-05 3 9 0
0.0545922 19.2911 3.14639e-05 3 9 0
0.0558368 19.0889 3.42838e-05 3 9 0
0.0571075 18.8859 3.73946e-05 3 9 0
0.0596234 18.6741 3.89925e-05 3 9 0
0.0609173 18.4707 4.27056e-05 3 9 0
0.0622095 18.2699 4.67396e-05 3 9 0
0.0633505 18.0816 4.99181e-05 3 9 0
0.0646788 17.8825 5.4717e-05 3 9 0
0.0660173 17.6831 6.00009e-05 3 9 0
0.0699042 17.4668 6.2152e-05 3 9 0
0.0712616 17.2611 6.87407e-05 3 9 0
0.0725478 17.0672 7.55812e-05 3 9 0
0.0735919 16.8895 8.16421e-05 3 9 0
0.0749112 16.7003 8.97877e-05 3 9 0
0.0762339 16.5108 9.87303e-05 3 9 0
0.0787251 16.3104 0.000104695 3 9 0
0.0800365 16.1238 0.000115328 3 9 0
0.0813351 15.9392 0.000126856 3 9 0
0.0825731 15.7529 0.000136161 3 9 0
0.0838859 15.5737 0.00014973 3 9 0
0.0851993 15.3942 0.000164594 3 9 0
0.0870348 15.1947 0.000175438 3 9 0
0.088337 15.0208 0.000190676 3 9 0
0.089636 14.847 0.000206596 3 9 0
0.0909871 14.6393 0.00021927 3 9 0
0.0922879 14.4728 0.000238122 3 9 0
0.0935873 14.3059 0.000258744 3 9 0
0.0950249 14.1245 0.000279077 3 9 0
0.0963172 13.9593 0.000303644 3 9 0
0.0976075 13.7938 0.000330485 3 9 0
0.0989893 13.6058 0.000354385 3 9 0
0.100275 13.4444 0.000386164 3 9 0
0.101559 13.2826 0.000420854 3 9 0
0.102893 13.0992 0.000455639 3 9 0
0.104171 12.9412 0.000496798 3 9 0
0.105447 12.7828 0.000541676 3 9 0
0.106774 12.5992 0.000586373 3 9 0
0.108043 12.4447 0.000639506 3 9 0
0.10931 12.2902 0.000697369 3 9 0
0.110602 12.1276 0.000757984 3 9 0
0.111862 11.962 0.000826487 3 9 0
0.113119 11.8005 0.000900996 3 9 0
0.114394 11.6549 0.00098143 3 9 0
0.115645 11.4931 0.00106955 3 9 0
0.116892 11.3317 0.00116527 3 9 0
0.118151 11.1822 0.00127094 3 9 0
0.119392 11.026 0.00138403 3 9 0
0.120629 10.8812 0.00150671 3 9 0
0.121874 10.7415 0.00164793 3 9 0
0.123104 10.595 0.00179299 3 9 0
0.124331 10.4484 0.00195014 3 9 0
0.125558 10.2906 0.00212866 3 9 0
0.126776 10.1396 0.00231365 3 9 0
0.127991 9.989 0.00251377 3 9 0
0.129207 9.86402 0.00270188 3 9 0
0.130414 9.71874 0.00293005 3 9 0
0.131616 9.57385 0.00317584 3 9 0
0.132814 9.41664 0.00345003 3 9 0
0.134008 9.28257 0.00373512 3 9 0
0.135197 9.14845 0.0040417 3 9 0
0.136386 9.01699 0.00434963 3 9 0
0.137566 8.8774 0.00470331 3 9 0
0.138741 8.73833 0.00508319 3 9 0
0.139913 8.60339 0.00548526 3 9 0
0.141079 8.46603 0.00592291 3 9 0
0.142239 8.32931 0.00639231 3 9 0
0.143397 8.20317 0.00688368 3 9 0
0.144546 8.07668 0.00742383 3 9 0
0.14569 7.95036 0.00800242 3 9 0
0.146828 7.81382 0.00862265 3 9 0
0.147961 7.68282 0.00928551 3 9 0
0.149088 7.56088 0.00999445 3 9 0
0.15021 7.44349 0.0108147 3 9 0
0.151325 7.31706 0.0116165 3 9 0
0.152433 7.19133 0.012472 3 9 0
0.153534 7.06692 0.0133498 3 9 0
0.154629 6.94495 0.0143341 3 9 0
0.155717 6.82912 0.0153836 3 9 0
0.156797 6.71973 0.0166428 3 9 0
0.157871 6.60186 0.0178095 3 9 0
0.158938 6.48461 0.0190495 3 9 0
0.159996 6.36901 0.0202912 3 9 0
0.161048 6.25349 0.021694 3 9 0
0.162091 6.13871 0.0231834 3 9 0
0.163126 6.03026 0.0247475 3 9 0
0.164153 5.91918 0.0264303 3 9 0
0.165172 5.8088 0.028215 3 9 0
0.166182 5.70019 0.0301332 3 9 0
0.167183 5.59247 0.0321468 3 9 0
0.168175 5.48548 0.0342796 3 9 0
0.169157 5.37963 0.0365914 3 9 0
0.17013 5.27553 0.0389897 3 9 0
0.171093 5.17217 0.0415265 3 9 0
0.172047 5.06809 0.0443148 3 9 0
0.17299 4.96782 0.0471622 3 9 0
0.173923 4.86828 0.0501274 3 9 0
0.174844 4.76757 0.0531045 3 9 0
0.175756 4.67065 0.0564264 3 9 0
0.176656 4.57449 0.0599297 3 9 0
0.177547 4.4779 0.0629882 3 9 0
0.178425 4.38255 0.0667563 3 9 0
0.179292 4.2882 0.0707218 3 9 0
0.180147 4.1962 0.074887 3 9 0
0.180989 4.10609 0.0792778 3 9 0
0.18182 4.0168 0.0838927 3 9 0
0.182637 3.92876 0.0889746 3 9 0
0.183443 3.84094 0.0940178 3 9 0
0.184235 3.7541 0.09931 3 9 0
0.185015 3.66661 0.104934 3 9 0
0.185782 3.58302 0.110844 3 9 0
0.186535 3.50034 0.117039 3 9 0
0.187274 3.41712 0.123125 3 9 0
0.188 3.33681 0.129826 3 9 0
0.188711 3.25745 0.136841 3 9 0
0.189409 3.17906 0.144269 3 9 0
0.190092 3.10167 0.151984 3 9 0
0.190761 3.0253 0.16005 3 9 0
0.191416 2.94933 0.168706 3 9 0
0.192055 2.87485 0.17754 3 9 0
0.19268 2.80149 0.186693 3 9 0
0.193289 2.72755 0.195731 3 9 0
0.193883 2.65677 0.20566 3 9 0
0.194462 2.58797 0.216015 3 9 0
0.195025 2.52192 0.226951 3 9 0
0.195573 2.45446 0.238241 3 9 0
0.196105 2.38811 0.250001 3 9 0
0.196621 2.32105 0.261972 3 9 0
0.19712 2.2572 0.274666 3 9 0
0.197604 2.19493 0.287872 3 9 0
0.198071 2.13349 0.30217 3 9 0
0.198522 2.0728 0.316499 3 9 0
0.198956 2.01325 0.331364 3 9 0
0.199374 1.95667 0.346184 3 9 0
0.199775 1.89954 0.362135 3 9 0
0.200159 1.8435 0.378689 3 9 0
0.200526 1.78807 0.395945 3 9 0
0.200876 1.73415 0.413787 3 9 0
0.201208 1.68134 0.432278 3 9 0
0.201524 1.62962 0.45147 3 9 0
0.201822 1.57901 0.471259 3 9 0
0.202103 1.5295 0.491745 3 9 0
0.202367 1.48159 0.512872 3 9 0
0.202613 1.43428 0.534803 3 9 0
0.202841 1.38803 0.557477 3 9 0
0.203052 1.34249 0.5809 3 9 0
0.203245 1.29831 0.605109 3 9 0
0.20342 1.25519 0.630107 3 9 0
0.203578 1.21335 0.656112 3 9 0
0.203718 1.17225 0.682717 3 9 0
0.203839 1.13217 0.710155 3 9 0
0.203943 1.09309 0.738534 3 9 0
0.204029 1.05501 0.767666 3 9 0
0.204098 1.01792 0.797668 3 9 0
0.204148 0.981812 0.828558 3 9 0
0.20418 0.946637 0.860336 3 9 0
0.204194 0.912409 0.893022 3 9 0
0.204195 0.903489 0.901844 4 9 0
0.204186 0.935764 0.870448 3 9 0
0.204186 0.935776 0.870437 3 9 0
0.20416 0.970634 0.838414 3 9 0
0.204115 1.00646 0.807236 3 9 0
0.204053 1.04325 0.776946 3 9 0
0.203972 1.08103 0.74734 3 9 0
0.203874 1.11979 0.718761 3 9 0
0.203758 1.15956 0.691034 3 9 0
0.203624 1.20023 0.664168 3 9 0
0.203472 1.24202 0.638101 3 9 0
0.203302 1.28484 0.612842 3 9 0
0.203114 1.32848 0.588403 3 9 0
0.202909 1.37328 0.564725 3 9 0
0.202686 1.41911 0.541812 3 9 0
0.202446 1.46612 0.519756 3 9 0
0.202188 1.51421 0.49833 3 9 0
0.201913 1.56338 0.477621 3 9 0
0.20162 1.61398 0.457479 3 9 0
0.20131 1.66534 0.43812 3 9 0
0.200982 1.7178 0.41943 3 9 0
0.200638 1.77057 0.401344 3 9 0
0.200276 1.82526 0.38397 3 9 0
0.199897 1.88106 0.367219 3 9 0
0.199502 1.93868 0.351004 3 9 0
0.199089 1.9966 0.33544 3 9 0
0.19866 2.05562 0.320451 3 9 0
0.198215 2.11587 0.306215 3 9 0
0.197753 2.17712 0.292352 3 9 0
0.197274 2.23945 0.279019 3 9 0
0.19678 2.30312 0.266399 3 9 0
0.196269 2.36791 0.253984 3 9 0
0.195742 2.4338 0.242057 3 9 0
0.195199 2.50051 0.230668 3 9 0
0.194641 2.56876 0.219763 3 9 0
0.194067 2.6381 0.209302 3 9 0
0.193478 2.70841 0.199154 3 9 0
0.192873 2.78004 0.189431 3 9 0
0.192253 2.85275 0.180113 3 9 0
0.191618 2.92335 0.171396 3 9 0
0.190969 2.99726 0.162828 3 9 0
0.190304 3.0726 0.154627 3 9 0
0.189626 3.15473 0.146844 3 9 0
0.188932 3.23289 0.139431 3 9 0
0.188225 3.31205 0.132345 3 9 0
0.187504 3.39334 0.125311 3 9 0
0.186769 3.47501 0.118832 3 9 0
0.18602 3.55767 0.112647 3 9 0
0.185258 3.63779 0.10651 3 9 0
0.184482 3.72142 0.100844 3 9 0
0.183694 3.80667 0.095443 3 9 0
0.182892 3.90044 0.0904611 3 9 0
0.182078 3.98936 0.0855059 3 9 0
0.181252 4.07926 0.0807894 3 9 0
0.180413 4.16982 0.0763101 3 9 0
0.179562 4.26126 0.0720408 3 9 0
0.178699 4.35353 0.0679827 3 9 0
0.177825 4.44533 0.0645324 3 9 0
0.176939 4.53881 0.0609152 3 9 0
0.176042 4.63297 0.0573904 3 9 0
0.175133 4.73185 0.0539289 3 9 0
0.174214 4.83201 0.0508266 3 9 0
0.173284 4.93316 0.0478838 3 9 0
0.172344 5.02962 0.0447873 3 9 0
0.171394 5.13336 0.0421116 3 9 0
0.170434 5.23808 0.039579 3 9 0
0.169464 5.34367 0.0372873 3 9 0
0.168485 5.44696 0.0349869 3 9 0
0.167496 5.55079 0.0328138 3 9 0
0.166498 5.6645 0.0309662 3 9 0
0.165491 5.77156 0.0289987 3 9 0
0.164475 5.87915 0.0271436 3 9 0
0.163451 5.98489 0.0253283 3 9 0
0.162418 6.09478 0.0236919 3 9 0
0.161377 6.21032 0.022151 3 9 0
0.160328 6.3338 0.0207692 3 9 0
0.159271 6.44815 0.0193925 3 9 0
0.158207 6.56301 0.0180984 3 9 0
0.157135 6.66909 0.0169854 3 9 0
0.156056 6.79041 0.0158293 3 9 0
0.15497 6.91254 0.0147447 3 9 0
0.153877 7.0313 0.013793 3 9 0
0.152777 7.15555 0.0128648 3 9 0
0.151671 7.28053 0.0119788 3 9 0
0.150558 7.39955 0.0110035 3 9 0
0.149439 7.52021 0.0102313 3 9 0
0.148314 7.64102 0.00950872 3 9 0
0.147182 7.76895 0.00883064 3 9 0
0.146045 7.90079 0.00819674 3 9 0
0.144902 8.03335 0.00760463 3 9 0
0.143754 8.16073 0.0070512 3 9 0
0.1426 8.28671 0.00653386 3 9 0
0.141442 8.4127 0.0060515 3 9 0
0.140277 8.57005 0.00564248 3 9 0
0.139109 8.70288 0.00521658 3 9 0
0.137935 8.8359 0.00482052 3 9 0
0.136756 8.96759 0.00450656 3 9 0
0.135573 9.10858 0.00415949 3 9 0
0.134385 9.25008 0.00383739 3 9 0
0.133191 9.38177 0.00351546 3 9 0
0.131994 9.52642 0.0032409 3 9 0
0.130793 9.67157 0.00298643 3 9 0
0.129585 9.79231 0.00276088 3 9 0
0.128376 9.93905 0.0025419 3 9 0
0.127163 10.0897 0.00233929 3 9 0
0.125942 10.2294 0.00215159 3 9 0
0.124721 10.3692 0.00197856 3 9 0
0.123496 10.524 0.0018187 3 9 0
0.122263 10.6921 0.0016915 3 9 0
0.121031 10.8376 0.00155405 3 9 0
0.119795 10.9829 0.0014273 3 9 0
0.11855 11.1561 0.00131754 3 9 0
0.117307 11.3086 0.00120909 3 9 0
0.116061 11.461 0.00110899 3 9 0
0.114805 11.6155 0.00100334 3 9 0
0.113552 11.7754 0.000919087 3 9 0
0.112297 11.9355 0.000841488 3 9 0
0.111032 12.067 0.000762474 3 9 0
0.10977 12.2252 0.000697385 3 9 0
0.108506 12.3933 0.00063756 3 9 0
0.107235 12.578 0.000579846 3 9 0
0.105965 12.739 0.000529771 3 9 0
0.104693 12.8998 0.000483837 3 9 0
0.103417 13.0724 0.00044241 3 9 0
0.102141 13.24 0.000403919 3 9 0
0.100862 13.4076 0.00036867 3 9 0
0.0995825 13.5522 0.000338037 3 9 0
0.0983001 13.7285 0.000308689 3 9 0
0.0970161 13.905 0.000281859 3 9 0
0.0957606 14.05 0.000262035 3 9 0
0.0944762 14.2116 0.000239648 3 9 0
0.093191 14.3725 0.000219206 3 9 0
0.0919855 14.6046 0.000208313 3 9 0
0.0907053 14.7767 0.000191142 3 9 0
0.0894256 14.9483 0.000175469 3 9 0
0.0883265 15.1358 0.000166705 3 9 0
0.0870644 15.3158 0.000152282 3 9 0
0.0858055 15.4955 0.000138889 3 9 0
0.0846658 15.6693 0.00012697 3 9 0
0.0834224 15.854 0.000115928 3 9 0
0.0821843 16.0384 0.000105861 3 9 0
0.0808227 16.2205 9.72891e-05 3 9 0
0.0795772 16.4078 8.89745e-05 3 9 0
0.0783376 16.5948 8.14033e-05 3 9 0
0.0770447 16.7649 7.50985e-05 3 9 0
0.0758062 16.9583 6.8853e-05 3 9 0
0.0745744 17.1515 6.31709e-05 3 9 0
0.0732069 17.3379 5.82902e-05 3 9 0
0.071973 17.5331 5.35911e-05 3 9 0
0.0707467 17.728 4.93197e-05 3 9 0
0.0696072 17.9079 4.58422e-05 3 9 0
0.0683956 18.0929 4.19732e-05 3 9 0
0.0671935 18.2769 3.78449e-05 3 9 0
0.0675267 18.3959 3.13e-05 3 9 0
0.0664061 18.6078 2.81644e-05 3 9 0
0.0653217 18.8154 2.53898e-05 3 9 0
0.0648326 19.0583 2.37917e-05 3 9 0
0.0637803 19.2592 2.14676e-05 3 9 0
0.0627451 19.4588 1.93771e-05 3 9 0
0.0618951 19.6153 1.79364e-05 3 9 0
0.0608588 19.8238 1.62121e-05 3 9 0
0.059831 20.0318 1.46585e-05 3 9 0
0.0603301 20.0765 1.31911e-05 3 9 0
0.059355 20.2989 1.19079e-05 3 9 0
0.0584044 20.5166 1.07789e-05 3 9 0
0.0586295 20.8102 9.83226e-06 3 9 0
0.0576945 21.019 8.89987e-06 3 9 0
0.056765 21.2243 8.07263e-06 3 9 0
0.0619775 21.22 6.88895e-06 3 9 0
0.0610851 21.4538 6.0309e-06 3 9 0
0.0603841 21.6305 5.44944e-06 3 9 0
0.0686641 21.7506 4.32395e-06 3 9 0
0.067997 22.034 3.5475e-06 3 9 0
0.0675238 22.2124 3.11017e-06 3 9 0
0.0743069 22.2847 2.10154e-06 3 9 0
0.0738065 22.5408 1.51435e-06 3 9 0
0.0733847 22.7172 1.14509e-06 3 9 0
0.0763988 22.8383 4.11936e-07 3 9 0
0.0758729 23.0629 1.26973e-08 3 9 0
0.0753255 23.2838 -3.15038e-07 3 9 0
0.0797131 23.384 -1.35142e-06 3 9 0
0.0790114 23.6125 -1.7545e-06 3 9 0
0.0783564 23.7941 -2.05328e-06 3 9 0
0.0785086 24.1146 -2.54975e-06 3 9 0
0.0776863 24.3372 -2.8318e-06 3 9 0
0.0767812 24.5583 -3.09418e-06 3 9 0
0.0996425 24.2598 -1.05208e-05 3 9 0
0.0979064 24.8806 -1.75069e-05 3 9 0
0.0971349 25.0886 -1.9523e-05 3 9 0
0.130607 24.4588 -9.52261e-05 3 9 0
0.128257 25.2232 -0.000140957 3 9 0
0.127367 25.417 -0.000149333 3 9 0
0.148728 25.1075 -0.000323978 3 9 0
0.145262 25.8008 -0.000438249 4 9 0
0.143964 26.0031 -0.000509166 4 9 0
0.15711 26.1022 -0.0016289 4 9 0
0.15535 26.3052 -0.00163264 4 9 0
0.153467 26.5082 -0.00163359 4 9 0
0.168758 26.126 -0.00227667 4 9 0
0.162059 26.7554 -0.00218474 4 9 0
0.159695 26.9588 -0.00215687 4 9 0
0.180979 25.9147 -0.0027531 4 9 0
0.17121 26.7501 -0.00255016 4 9 0
0.168556 26.9582 -0.0025079 4 9 0
0.188041 26.0318 -0.003105 4 9 0
0.175193 26.9953 -0.00284798 4 9 0
0.17205 27.2139 -0.00280665 4 9 0
0.177537 26.9998 -0.00310678 4 9 0
0.169758 27.4793 -0.00302454 4 9 0
0.166165 27.71 -0.00299752 4 9 0
0.163095 28.0128 -0.00256051 4 9 0
0.158576 28.2983 -0.00254955 4 9 0
0.15467 28.5443 -0.00254299 4 9 0
0.15467 28.5112 -0.00250238 4 9 0
